1487
266 949 369 204 43608
8 847 6 457 141309
691 1948 700 615 13697
781 1191 570 129 34549
1445 1375 838 364 169643
191 1277 76 921 114871
758 1139 543 919 196025
1746 279 336 56 97543
1301 1899 914 951 150684
1736 684 213 637 133457
827 83 47 670 15140
1578 14 887 202 84725
753 1912 783 179 139578
521 725 333 16 140662
550 1470 573 386 171985
899 122 760 357 18657
2022 136 759 362 116443
1042 693 247 919 16725
1012 873 604 190 93759
1695 1663 32 557 93881
615 460 646 200 99654
427 1251 160 236 40121
81 410 524 676 60249
808 270 790 733 13569
16 2097 887 928 185215
1419 1223 732 700 36902
286 867 819 940 74992
439 2119 755 760 133623
983 1993 21 32 92917
594 592 477 363 67891
1881 980 460 896 40174
413 467 120 316 171283
967 1202 895 360 37387
759 951 463 182 118414
1122 2165 350 791 130456
1677 585 949 720 9094
2172 802 650 746 31129
1141 2112 180 224 141070
1190 1791 303 929 190134
829 1488 670 796 27654
1717 670 461 925 194988
490 1802 475 784 160047
596 956 455 477 85877
1679 18 994 301 46319
1499 1291 421 985 159937
841 415 163 247 131909
1932 1565 290 920 105833
1294 810 746 693 165045
120 1089 518 749 34455
1310 1580 634 581 86288
1282 1280 65 220 8125
898 813 412 808 65432
1547 2092 12 780 129777
2020 1427 120 817 974
1072 1689 790 527 190162
1080 1189 370 969 133122
756 603 175 234 74450
1068 532 292 652 45340
153 2000 732 530 181384
948 302 471 74 154511
1232 1147 674 146 34512
902 1226 147 777 180464
986 733 119 637 140751
1878 57 861 619 76252
1744 1372 902 929 45461
546 1077 752 57 128557
1980 1241 187 893 95251
1277 147 324 741 149014
1113 2128 917 616 173210
1529 2095 514 581 7126
1987 78 407 801 88886
2140 1099 756 697 5436
540 2030 323 791 65150
1537 2069 162 703 171870
1547 1017 833 109 128442
311 2038 372 837 121080
194 1577 330 480 132850
809 421 670 45 28029
2137 586 729 287 155100
1575 1625 328 998 19798
513 145 654 755 166897
1883 19 656 163 19444
1168 1158 590 18 61185
1115 227 25 896 179211
634 34 321 686 9963
492 614 812 843 66298
1379 356 263 876 110709
163 1559 123 159 40082
1891 2128 698 276 184233
1223 2144 40 387 151678
303 2173 659 666 22426
500 1958 201 398 137473
1037 1577 606 346 62709
173 861 221 407 194565
1240 98 127 625 129901
1399 2049 188 277 196271
1263 1732 998 442 71161
220 2142 292 646 149709
662 1035 982 972 170670
1076 1097 704 193 183395
168 1186 211 869 136203
530 1421 450 953 168012
1200 968 410 361 145783
1181 734 180 842 192952
645 705 77 267 164815
1149 1695 88 545 85374
1878 1713 735 633 71026
438 1963 268 602 129556
1606 1603 164 789 190237
847 923 765 952 54698
1230 2149 168 398 175870
1099 2099 444 673 106063
1703 1304 737 530 113310
645 720 722 953 43053
2121 1159 101 558 145877
594 1358 862 444 49024
741 275 425 364 123411
1179 1463 689 994 1324
521 1049 731 783 9793
682 380 133 935 174851
1126 1209 167 155 65444
2145 349 994 921 64077
1539 615 779 702 46021
1046 1433 627 122 183442
1283 795 730 628 20477
808 2111 798 412 79910
995 2090 197 840 58407
1927 137 659 356 109747
1893 96 998 114 100074
1453 712 386 647 64632
211 931 759 440 27982
264 801 765 975 49622
1421 122 562 180 172807
1604 1659 816 751 82300
311 1444 310 385 69464
662 190 237 446 98222
609 610 850 943 199720
1232 607 334 454 96851
816 827 760 423 98057
171 2180 531 271 28219
387 782 319 851 29728
38 1514 112 613 83909
1899 422 517 571 186522
773 2003 210 576 188524
1411 945 320 620 155437
597 1591 863 769 146100
1184 1156 8 64 153797
317 454 67 378 32674
1338 29 801 661 1641
1758 386 314 35 196204
2014 446 218 204 155211
932 753 522 984 30809
1424 1568 384 174 76679
439 491 21 65 94839
506 1203 216 548 17251
1804 1058 93 608 123954
1869 175 931 480 23691
509 164 349 71 164684
407 1295 269 238 5669
2054 1477 694 893 144912
734 599 699 537 106897
1314 1341 901 68 65110
1203 289 170 247 192628
159 356 227 244 191886
235 1803 41 905 1675
944 159 852 209 50670
1564 1895 32 613 109003
1055 1327 148 165 193973
226 1320 967 855 50837
1759 366 10 598 116476
2055 1833 738 730 74165
2158 427 236 228 101049
653 1744 558 609 115083
515 664 181 440 146637
785 1466 873 975 141901
1221 686 284 697 101640
1602 552 835 168 4470
2160 726 307 610 68214
2 863 472 885 140251
161 1800 792 799 154488
2069 2136 263 923 191458
2084 1144 193 324 180950
1986 1478 846 56 58945
532 1969 579 346 128925
1832 1148 33 835 68794
1619 397 796 107 25385
977 729 404 988 69084
548 1272 348 650 72548
1741 188 645 38 70026
625 723 869 150 99966
1945 1182 217 691 151370
1203 462 122 141 188214
1362 270 658 447 63251
655 1547 797 555 42682
2182 96 686 409 128385
1982 1034 136 348 53209
831 1645 937 801 153518
1087 956 697 654 146599
2121 168 167 324 196368
2178 731 886 61 105314
111 843 204 497 156534
1973 2031 580 782 132190
926 1613 14 196 97177
1514 1836 290 66 159923
220 339 816 340 151010
1978 719 132 492 19147
234 556 805 920 154927
1932 1693 276 674 73036
2168 1201 197 146 117841
1208 612 678 131 21833
2075 1703 796 486 28170
1786 616 508 133 188867
951 1119 792 278 149816
21 1362 437 658 147285
913 426 772 107 102438
387 2115 798 173 102385
1015 1848 486 585 143253
1601 2123 409 268 133854
115 1619 250 531 76928
720 1753 163 358 114012
1849 71 730 239 180789
114 979 752 651 168397
395 1418 356 801 170752
1039 1002 471 93 111279
288 360 692 969 53442
92 1041 399 705 33845
1808 106 98 149 100023
1553 615 418 151 103677
229 1098 499 181 159837
1993 1972 218 824 120054
1277 2065 834 319 48378
270 412 69 267 71875
1427 1675 777 650 154927
1825 1355 258 702 33192
1611 1531 665 800 122957
1608 1945 521 214 194437
207 291 411 386 22386
1572 1008 76 800 10775
2044 2027 429 771 176703
632 749 851 377 130536
995 940 140 104 158335
1800 1512 127 789 100837
2158 2197 535 745 32570
1581 869 469 756 20343
571 552 76 475 133896
1077 1859 36 214 196225
228 1009 113 763 19376
516 1363 553 353 126377
1056 1264 161 427 75702
2037 1560 869 580 177830
700 104 531 548 6173
401 1026 792 826 56190
2027 855 18 603 133801
1066 272 177 995 15134
1039 604 983 741 1241
1202 2178 910 233 163743
164 1285 785 138 194614
945 1339 918 336 74363
1555 1763 518 308 177525
1495 726 274 29 164990
1168 220 161 409 142478
1461 964 749 556 29139
2 1873 363 16 197634
2171 714 850 135 161454
2172 1890 951 249 181765
1683 345 526 626 175877
351 394 555 981 100947
260 794 703 952 100719
468 754 722 454 48576
891 1226 713 745 127236
1838 1070 719 555 173003
906 1639 817 184 167216
95 1487 669 394 143611
1718 254 158 238 11815
1918 1258 513 446 1512
235 737 483 823 100091
1204 1262 817 159 156305
776 1466 2 593 64008
1825 1440 434 788 18041
662 707 897 878 103640
799 1996 195 663 77955
1020 1050 74 911 107932
167 1867 227 72 101688
905 1649 394 866 191693
47 1643 832 88 122434
1620 551 29 212 155491
788 163 379 343 53777
524 316 427 257 173629
455 1376 801 743 185495
722 1201 467 767 50602
748 566 254 134 32510
1094 506 918 185 74757
1786 1173 269 916 173634
1013 840 849 994 62785
1764 1450 145 411 175578
1731 1085 252 333 113746
1765 81 167 428 171770
425 1122 660 782 188873
1543 1321 189 777 52585
1254 542 137 991 44781
583 1908 319 561 150539
484 1492 977 783 197805
409 1100 128 180 41010
177 957 339 402 72603
1863 1345 323 848 158612
1401 1855 398 583 36817
906 366 479 845 131306
1626 282 17 783 82123
700 992 724 462 36717
1998 191 393 801 146281
621 1864 264 585 33290
13 1787 322 783 173319
1918 289 287 376 103888
319 1154 137 842 137169
138 894 108 607 108682
158 805 958 40 140099
1244 1213 598 134 21022
1039 700 883 958 152337
859 828 757 899 13324
611 1218 812 132 144111
1201 1270 278 635 147458
1166 2193 433 17 162435
1994 1461 348 768 75446
1197 1607 718 734 53448
883 1194 293 7 127746
1703 2019 751 967 30264
476 168 203 887 17774
404 2053 471 839 61596
582 1233 2 180 38684
1632 1377 312 480 85761
1879 963 523 578 27058
903 833 400 319 72142
1245 748 635 19 57320
123 1823 263 472 22088
1559 854 34 244 194848
2 476 109 964 31964
28 1195 725 686 68624
2147 1789 709 289 8159
1111 1487 906 232 182457
2092 1507 931 532 136682
1697 1044 40 497 47137
1924 2100 16 488 68668
1377 116 154 402 11163
889 1101 191 48 111543
604 1111 895 413 91430
1336 1257 742 370 29003
1686 1467 165 424 5186
1826 2148 788 894 68217
633 1672 426 748 125904
1458 37 37 953 21327
870 910 675 300 174349
1444 789 711 599 190533
2075 686 662 813 73379
1496 1439 933 465 44962
1350 1498 798 654 45957
1983 1064 369 63 63436
873 333 586 174 193279
155 1571 722 840 92927
1438 1667 280 17 188960
422 865 730 584 192319
204 734 340 562 184780
1979 1345 360 15 135756
726 1640 367 757 66294
1232 1264 256 159 129138
1860 1197 167 821 7723
1755 1795 380 26 74432
1115 431 193 295 47066
359 26 593 867 49490
51 745 455 497 21786
2153 529 888 291 5519
1776 903 324 851 164037
4 1959 585 989 92120
852 504 151 270 5216
209 1381 249 252 85730
1723 1703 952 109 48594
1649 2062 905 921 173681
2121 249 252 310 18409
2085 1715 856 557 50811
197 409 32 613 48712
615 975 979 945 87413
1862 1069 730 609 127434
1386 1410 283 419 76993
50 940 650 659 79332
585 2097 654 396 187517
1525 1145 111 437 5416
1448 1853 950 861 154486
1417 1876 837 251 188571
1502 837 56 647 93199
883 497 909 167 134748
1198 1752 501 268 69006
2060 945 783 76 117998
1509 1476 90 947 198788
1290 1564 15 662 134318
755 964 611 354 175652
1508 589 357 456 153860
369 1407 827 775 186461
1962 788 216 313 43172
1907 1022 370 447 122093
1583 938 552 501 180134
1550 1608 362 802 183516
879 663 671 339 181552
1461 1109 884 722 128878
1057 637 350 582 22672
1289 489 689 334 141772
142 1069 370 277 71579
1931 179 933 647 18730
444 78 817 348 159796
868 1609 332 698 125926
1763 108 690 187 91369
919 1476 762 491 115931
1820 186 615 199 151631
1753 882 329 83 177394
527 1328 228 476 133807
977 1696 994 903 46838
1170 266 606 891 139102
1592 962 805 76 96682
845 696 248 428 148791
158 382 865 152 97930
612 2032 308 419 190745
2174 1748 652 164 67604
750 286 577 405 80070
1276 1149 625 711 97891
96 108 936 840 123322
522 1598 103 852 37718
536 1664 236 33 118935
1395 1207 523 199 133984
188 101 906 411 110209
938 87 150 29 126456
681 126 566 755 70658
547 2077 882 17 189164
1867 353 339 554 114346
934 1949 700 271 41698
1222 1059 670 431 65202
908 570 599 916 138110
1660 350 105 271 56677
243 1818 235 760 135
817 1179 286 363 29541
1832 250 921 930 171435
888 1752 584 690 182180
3 1150 67 313 29506
657 1925 196 135 27417
874 1930 842 9 75766
354 1426 742 247 50574
60 79 409 647 31744
65 535 825 197 60562
1698 200 713 356 187328
547 213 948 164 111639
1187 390 400 954 22031
673 108 555 447 4778
1272 1107 955 616 127034
1395 433 831 357 181442
2068 1207 563 948 136231
1297 295 211 288 173377
677 475 429 708 76601
1353 782 381 484 9089
1196 956 325 382 88041
1796 1178 887 790 174958
189 1210 358 373 188095
610 270 958 739 91053
1064 217 477 866 15785
415 419 703 656 52411
1193 53 387 834 110412
337 1982 972 47 152565
1853 389 562 900 181383
1093 110 650 147 186232
1542 1211 629 327 147419
496 94 903 660 85201
1256 1053 639 668 5556
1343 757 805 861 170173
97 266 566 232 75994
708 1326 473 140 152828
2030 2034 713 601 174236
1066 498 510 419 143608
911 1275 344 419 184315
906 1714 927 479 49453
1210 2176 561 604 125593
311 912 4 340 143887
1112 322 124 300 119390
904 918 937 64 146974
1484 1727 698 799 27613
1709 1905 936 762 39412
1740 1125 329 285 166264
225 397 489 64 89194
1750 1128 429 293 103011
1687 1997 813 461 47947
485 1945 96 850 27740
38 159 273 202 196553
641 1494 180 106 189998
480 883 348 226 55329
818 528 421 181 52828
657 1669 482 557 146818
2031 842 644 723 55780
1028 161 716 782 39155
2028 223 81 779 49610
942 1811 389 471 149365
465 1841 175 893 68517
539 1103 60 757 3196
1678 1941 816 458 3854
1898 487 821 653 44978
94 1633 564 656 16796
1630 399 622 947 123727
1116 1812 257 634 104264
991 573 682 987 100112
572 2065 476 378 125775
392 676 881 922 132515
336 968 624 484 113667
783 514 661 311 22423
198 227 61 14 38025
1835 205 792 747 26986
1621 1672 650 796 4809
237 188 662 504 50879
1560 840 677 779 134630
255 163 674 30 15743
357 1428 442 782 76101
2115 1769 517 853 34599
1743 474 671 905 136141
591 542 47 22 49411
1826 1383 562 56 132239
2068 2063 694 12 14277
351 769 903 405 104474
1269 72 125 868 35673
942 1812 517 683 7352
2175 1826 849 138 55411
1810 364 621 402 158984
1898 1670 682 176 75284
930 1279 884 805 42803
1507 474 294 732 61156
434 826 309 986 122906
375 2161 499 539 87487
1288 749 751 24 88064
1037 2123 451 673 8774
2056 1804 809 612 142930
1215 271 403 323 189235
129 1109 295 788 83029
690 1115 454 529 193008
2060 1770 594 276 144156
1459 2113 986 33 159869
720 1442 454 251 79342
1703 2018 741 738 105477
632 1420 760 613 105403
498 255 184 59 175675
1282 1719 547 990 56106
101 1649 635 570 176212
1598 691 494 893 21477
483 1796 135 760 78912
1805 1592 957 408 19107
67 1859 518 894 114612
1996 528 718 903 85789
2088 356 878 900 81320
1355 250 343 784 125121
615 67 179 879 100740
827 1685 293 334 133523
1880 1153 799 92 3104
2174 1040 495 115 144528
1798 1203 703 918 62451
82 1425 9 803 170154
449 2019 650 589 83076
55 1368 854 130 125535
181 610 702 285 106759
1959 812 727 87 160295
1990 285 956 594 188883
986 1676 431 92 110181
591 1694 235 267 139202
853 1875 5 388 63404
1810 521 559 370 57968
1022 929 368 317 157171
50 1660 406 133 129405
361 272 516 543 146034
1865 686 705 668 129810
1046 1521 261 802 182932
738 12 782 258 124183
1694 1080 598 265 138063
1831 1867 1 837 79410
1416 150 445 850 96073
741 1915 335 752 106531
1237 598 952 169 17208
1870 59 69 5 179364
299 1851 716 562 58350
2100 146 535 710 40583
2136 1678 728 361 147085
483 2103 55 414 143395
2131 603 525 291 85205
1357 1961 118 873 193336
406 772 935 756 151569
1037 1808 470 573 198633
1368 2109 871 605 126348
1076 2088 255 823 168526
781 554 846 138 164258
2135 295 168 472 3959
630 630 338 351 63541
628 1541 914 813 164746
2016 1381 938 564 775
798 392 815 524 427
234 857 595 292 1722
168 180 604 879 198242
1011 1661 365 304 60834
1372 1284 297 918 183706
972 1286 50 747 136630
1568 1298 622 347 95042
2009 581 26 931 25432
2027 1851 731 270 73806
1562 1233 689 596 145744
109 1768 38 815 54173
222 387 887 804 146524
726 524 72 320 145985
1359 1529 461 391 176805
383 1371 41 341 29312
1195 903 699 140 76426
315 1449 417 640 122819
2057 1662 266 733 182556
243 859 979 780 108342
2014 1740 483 572 88509
570 1955 97 634 190254
1847 230 170 73 169200
1452 588 828 71 64419
1988 281 14 745 23642
60 1588 969 603 107674
1805 1169 941 514 141061
696 36 471 151 162697
1746 598 872 698 82501
1023 1150 374 794 3412
1593 1783 728 235 85655
69 1248 803 695 16268
389 1101 567 650 129172
2114 699 50 163 166404
2027 61 359 728 169200
1224 151 897 837 96662
588 30 17 43 131880
608 464 112 229 139217
820 1618 821 193 172813
1580 259 174 136 125720
1770 2163 443 970 3187
898 995 584 560 177546
1844 348 343 324 108366
1135 85 514 953 75760
1272 325 870 37 13332
153 1969 906 225 92529
1855 2195 318 242 15621
1465 1541 53 611 197065
801 655 732 367 96354
497 1854 407 457 178017
1531 929 366 215 125085
155 521 946 837 93136
994 892 487 15 45294
1012 432 44 29 154628
433 830 749 387 72451
183 685 894 200 94203
363 2083 299 400 155576
694 155 192 782 68372
1718 576 544 612 159437
1924 1776 605 904 79976
1420 1337 325 472 148987
88 1807 560 644 81762
656 1959 359 584 97643
294 879 661 666 72714
1459 737 949 696 106190
734 1420 524 710 67878
835 83 907 823 37813
1090 1663 907 252 32914
1474 2061 845 470 70218
577 2116 783 644 179076
1538 2103 599 280 170472
1021 1414 76 651 99571
1247 887 662 260 120159
2018 1751 355 685 144925
785 711 981 403 154968
1014 133 977 242 117098
1233 1580 260 705 133880
231 2078 130 402 29626
1703 249 461 214 138617
1079 1985 670 556 182564
1720 1741 497 888 20181
2115 1654 297 965 4830
7 1398 255 687 178629
1442 1070 272 868 85085
215 523 490 184 108473
1686 215 372 851 14475
1345 2123 11 678 11465
2162 1145 510 144 184418
1715 1551 990 696 100060
1067 138 159 753 129860
1484 1720 505 957 87434
124 1596 447 751 65672
44 2048 927 862 48570
133 1176 321 351 172824
1335 2018 115 747 85272
215 1015 168 475 35405
116 912 621 351 115488
545 27 379 18 129217
2064 1814 628 234 75979
1658 1768 871 83 36805
326 970 517 398 22290
557 413 841 162 159932
52 1679 782 941 110153
1574 438 8 992 54761
140 1808 243 472 108775
603 330 813 208 186763
834 734 733 276 48583
1701 1233 196 385 2098
1491 1638 131 444 86627
1961 1771 563 522 178769
2130 1815 487 905 130571
166 308 517 281 193217
631 68 544 966 27851
336 1067 453 387 52578
526 1278 475 105 186291
1422 666 740 543 112046
361 1273 578 884 155755
394 1803 684 812 100887
2004 1995 161 607 130304
1849 1744 931 779 130229
834 257 714 677 194961
36 251 994 482 44580
72 1595 680 428 152020
1798 222 186 837 71083
1519 993 201 424 60381
695 225 404 476 179097
1580 1910 187 341 119013
1527 330 612 659 121990
384 1531 759 356 108760
1840 955 144 875 11134
1272 1794 770 54 5090
1291 1149 425 740 3395
351 720 813 164 171287
626 43 902 816 50943
708 2152 509 20 174234
145 1460 687 831 82816
160 1104 558 50 118681
1652 493 785 199 194859
836 351 515 275 71257
1671 1501 917 366 82759
413 1826 646 247 105421
130 1393 776 746 98458
545 659 109 179 17280
1990 1783 182 49 89155
140 1437 312 198 59533
1001 421 339 512 48765
634 325 773 456 193966
564 1786 485 423 114718
94 2120 451 775 123544
605 317 719 512 24434
1569 1253 3 502 3756
421 455 767 186 69624
1963 621 29 281 111293
218 1646 21 488 75767
52 1382 109 148 17293
1145 1554 666 531 13427
946 300 3 254 16471
1874 1827 214 98 170610
578 14 695 23 179787
768 1641 929 935 141293
1714 788 336 960 126263
1973 1905 236 152 46842
1861 1050 256 332 18737
692 1359 609 702 114284
1850 1480 455 989 110023
671 957 92 364 67896
1177 879 639 441 56632
121 1166 670 515 170696
2132 1176 61 21 175672
528 1865 168 564 26220
1429 366 755 205 65600
856 1676 640 304 82264
1309 282 275 341 46671
1462 2014 530 710 35441
1911 995 16 783 186906
1119 663 628 539 151482
202 321 926 602 199394
102 1210 315 118 76554
1946 1027 521 218 31797
72 1032 943 865 115535
2017 728 111 324 85938
706 1243 535 140 156526
706 542 97 253 181608
1934 355 873 440 97107
222 586 556 571 55053
1974 1195 212 461 196789
1084 279 555 374 177540
1603 480 821 530 114550
2085 1636 289 693 85315
212 379 19 520 151396
422 494 866 675 179358
2114 1601 62 55 154213
626 139 865 966 149293
848 770 852 399 142546
1519 636 882 34 87888
1130 1047 967 926 56461
833 1748 575 191 71613
1079 657 865 693 42176
791 271 437 884 6004
70 2085 836 768 138759
11 239 873 852 136672
354 382 308 368 192672
1391 801 744 605 199209
736 2084 129 665 60553
18 256 492 775 189952
1590 397 765 501 157929
2165 2113 965 790 85604
429 1744 712 502 104347
1407 1893 450 568 98265
2161 1505 370 915 187887
416 285 460 321 73978
822 2111 212 104 131457
2174 269 659 530 20677
1242 2112 214 341 110356
1020 149 269 686 118059
1110 1599 314 397 7974
1496 365 86 26 83000
412 1801 305 622 101149
914 1396 79 391 96526
2138 2034 375 246 100791
1357 266 704 416 143076
2146 678 675 672 17104
970 2121 99 122 133793
1879 1335 557 381 149300
557 1695 486 836 79105
936 974 620 327 179872
1200 884 453 676 54638
343 174 47 799 26731
1759 569 44 552 191768
1619 383 164 520 91979
1488 629 665 345 5611
1098 282 561 322 88391
963 522 599 2 82246
1299 2097 848 430 1325
1572 1989 93 492 5769
2013 1712 584 144 23877
2193 184 730 5 111765
2031 1903 777 174 193964
2125 1690 892 771 4700
451 22 605 976 106941
941 901 545 910 75794
840 1124 868 117 142257
393 1710 515 311 25253
1735 894 268 299 192970
1548 1776 300 800 35158
2 1851 427 695 106122
927 36 747 874 96480
1026 2114 583 635 63471
91 181 492 296 36445
1761 1983 634 283 77586
1254 1583 183 365 74811
1711 167 815 585 65986
1766 1113 539 246 19651
950 472 908 573 49005
2188 1465 913 33 107089
1381 1146 982 519 105897
931 373 738 342 41365
1501 1805 391 887 190858
273 1653 900 676 19056
1395 827 0 952 194524
1984 1940 573 873 145617
1131 1606 325 780 168272
1454 1511 6 619 188051
1941 1320 760 351 196811
1154 1176 53 610 55413
2065 1557 509 190 60832
2184 1374 200 802 110049
175 685 465 247 173358
2036 1901 472 87 177776
2182 828 932 946 28345
305 300 463 870 189308
1761 1288 430 545 31020
1282 1730 884 283 34756
1756 458 857 667 28569
1186 703 142 514 113710
583 1897 595 880 58722
254 2185 207 963 22095
2110 676 222 931 127095
1325 1165 448 634 121952
1036 1342 609 757 11059
916 2143 657 979 110664
606 514 394 529 159306
701 1583 498 349 52731
1738 59 542 386 3175
1397 1663 897 701 121059
508 137 294 567 150840
249 1435 166 114 159789
846 1872 801 105 51680
2074 1206 707 805 21337
1035 1944 482 362 100319
1813 1559 460 273 10745
643 1381 700 483 174349
2195 1284 398 784 161887
454 2183 688 734 22671
1024 161 966 513 32046
1306 701 63 425 172062
344 590 263 642 104175
1035 685 768 337 114396
648 2132 469 336 186052
1003 342 828 826 134404
1892 2 516 490 75989
1156 796 373 370 126217
1232 2067 909 807 125364
1779 595 132 376 90194
114 1176 864 718 12816
2037 1921 699 41 118606
2035 1085 976 776 39702
570 2084 455 787 48924
1098 2019 227 662 67722
1383 993 721 177 95374
506 43 561 674 156898
1562 1112 353 721 90435
1734 908 284 188 139839
1967 1158 897 91 164369
976 341 403 250 21317
1296 1633 762 270 197749
2070 1928 802 368 35605
518 2083 556 953 71114
220 1040 980 11 125064
1500 1530 621 421 5739
636 1997 847 305 13363
518 1953 175 867 143432
1194 1090 410 151 145303
2058 1270 975 924 13893
401 296 107 217 94415
1196 1718 339 487 111989
2163 675 781 678 80289
688 1748 16 921 64686
62 1667 619 517 180058
1268 1127 252 714 143289
2064 1115 733 32 44700
1360 780 267 149 81651
1542 512 790 983 101094
627 672 745 914 94939
1907 1928 997 365 72212
831 785 899 120 178325
1129 137 769 629 81415
1748 1789 291 151 114901
1320 45 829 614 43403
346 1242 108 837 89653
2150 1496 213 962 188236
1785 1394 266 910 73398
1098 791 821 65 39355
1676 1213 716 377 24962
1253 1297 864 9 183913
94 507 744 747 6058
2166 897 812 754 45240
253 339 602 203 126958
576 1101 918 932 40793
2166 2008 138 281 126131
1799 134 895 113 169387
1251 1807 307 661 126802
898 427 933 138 19156
1168 543 147 278 184273
1827 655 787 372 32000
319 539 972 402 10547
1037 2154 67 425 39506
154 1628 690 908 160626
2133 2007 945 442 17869
1803 810 41 428 94241
1340 1055 379 92 99896
635 1411 766 934 118718
1890 572 749 549 13720
1339 2055 563 117 115129
419 803 845 41 92370
868 796 624 909 166607
248 801 93 544 118631
810 531 866 81 19457
823 923 24 295 131838
1739 1986 903 68 33031
1595 640 281 317 195306
1751 1185 246 759 50477
453 1359 304 436 21247
1293 598 879 150 116235
1853 1325 20 643 109355
1331 2182 651 763 69158
61 1358 675 720 138891
324 1223 334 353 47013
1611 1206 242 211 71094
550 104 54 337 156040
1072 1991 434 979 74779
1551 910 473 309 44369
420 1322 794 263 60183
1811 1587 140 224 198018
104 2187 398 150 106298
140 100 590 932 164302
1556 756 535 487 108733
719 638 299 888 3598
23 1508 171 607 110022
1816 1970 746 186 108310
250 1891 41 748 131933
1332 2040 925 986 86294
2084 2095 182 969 36833
921 1088 377 671 39173
1672 294 53 846 83285
9 263 201 119 146223
569 522 22 903 160444
1286 187 573 132 24015
2092 968 337 477 112268
1651 1398 869 976 132825
202 1048 295 840 40964
217 2001 120 593 35310
2111 1162 465 956 39394
969 1194 278 136 118404
778 1228 905 246 50646
335 849 25 160 67456
525 915 555 641 93826
1073 811 604 783 84556
428 1046 954 775 32166
384 2144 680 388 9100
178 1518 965 376 88460
2165 1711 872 821 9366
1944 1699 140 922 68939
1846 195 178 402 156151
2155 582 557 274 151176
1131 858 998 231 9453
1085 1562 338 945 138717
1634 1663 836 400 140402
474 896 418 565 25335
228 1411 165 331 62813
1543 1239 713 872 197947
1857 955 586 662 113323
2121 548 445 38 15900
391 424 825 993 106108
297 1419 184 984 74673
444 812 144 609 178595
1760 153 177 59 90583
648 1516 931 971 119532
1070 1244 35 371 170431
1876 962 955 337 128459
2036 1834 618 310 182926
2110 554 363 705 115783
1079 2017 876 862 65668
1645 662 185 729 3145
228 1600 571 859 151829
1064 1887 424 676 58885
792 1512 974 118 151410
1381 1980 637 164 43080
1796 1595 9 816 16454
1682 1014 743 179 29871
2056 1007 818 237 159943
1066 54 130 103 70906
1930 895 765 93 22442
769 74 990 849 103345
582 797 814 788 144785
1746 71 2 17 131828
371 1825 662 867 141610
828 333 837 334 90116
246 1417 462 41 64484
202 10 11 947 143936
1078 1482 70 415 95009
2023 761 930 3 75893
1096 1526 793 858 61355
969 2038 325 486 67879
1868 2084 125 904 142694
1156 1506 806 444 113287
651 522 489 12 100088
1710 587 190 756 40402
1284 1004 214 39 65116
1862 360 246 141 88852
1529 609 113 223 140683
1360 1379 823 800 7972
1578 1451 463 218 135897
1338 880 188 492 178650
2192 1176 567 660 138192
1806 722 63 611 127328
926 1140 716 609 624
90 2170 570 62 145447
1671 992 762 520 138373
188 411 103 190 171842
1831 782 42 223 187632
2199 1182 593 527 47965
2180 1854 415 5 76085
1401 447 861 249 15537
1507 1872 744 832 176053
1015 2020 210 657 125707
1811 1840 616 443 146944
1187 1394 522 304 49598
1143 1684 41 980 23328
695 382 383 633 68840
301 892 925 754 166607
1351 2169 579 411 153297
1108 422 17 804 65971
987 1791 447 537 27363
1437 432 413 565 177484
925 13 646 366 51547
682 1667 174 889 116738
663 392 3 961 51095
1026 221 625 998 102577
1546 1937 827 310 115769
2016 1947 465 700 132259
1224 1978 944 571 78478
524 2005 446 214 155363
1689 1478 191 985 57039
594 1411 361 324 40012
1789 1870 932 758 144299
1126 2175 27 737 15832
1649 1962 685 479 139605
2101 1555 169 617 106891
1937 306 491 728 112047
38 1923 799 602 41855
216 592 702 515 107069
354 1393 731 186 120677
2057 35 314 662 82493
930 716 533 421 92269
438 1711 191 838 186039
483 228 383 738 42314
1065 754 822 535 13975
677 1289 427 707 31815
146 1716 130 391 178262
928 922 695 549 115046
379 1787 177 971 76158
1350 806 296 16 167606
1389 1082 17 316 18602
1224 2145 404 592 181258
1085 1890 882 299 181872
1803 2027 776 49 56156
1451 1181 304 10 65115
845 960 728 251 36510
1758 192 260 760 49210
2027 1137 129 837 135957
1514 274 173 586 2619
53 389 639 361 139752
480 213 575 348 124972
1676 193 244 138 70287
15 1648 408 578 74188
1000 157 995 757 42945
1026 2071 58 398 103869
995 1451 613 499 35647
38 780 728 610 58178
705 2038 728 744 54721
1517 2111 689 857 99376
737 1857 766 82 60847
1642 61 259 63 124238
1048 210 310 647 140510
1075 86 248 5 102042
1570 310 854 843 127839
319 1512 369 648 155966
55 385 219 854 91378
344 48 112 734 2080
939 1934 382 202 172274
2184 677 683 626 53020
468 948 943 459 86145
800 1379 27 318 105455
576 1125 180 554 105812
983 1051 137 464 133228
892 1555 357 319 179872
1454 503 882 274 89387
222 2094 354 567 118982
1926 1919 589 381 186085
1312 710 464 276 130915
1447 1811 475 27 20867
5 2072 391 877 142631
740 931 405 727 12646
928 749 69 863 26651
1205 1789 522 90 72340
330 754 182 197 74432
1849 1644 23 116 27194
1421 73 350 4 144095
886 1745 72 133 62833
838 813 228 242 143574
795 247 690 335 122369
444 665 462 28 58596
2179 829 746 325 2458
1082 546 351 929 137571
522 416 901 755 179048
1472 2146 588 46 37266
47 1193 729 216 29187
1277 1060 841 474 196346
1009 2005 282 619 43470
1768 501 383 140 125628
1331 1062 169 379 166799
1052 1852 250 670 98515
1455 317 86 643 6644
725 2120 346 71 84898
139 2032 852 562 192303
985 730 270 566 199305
88 49 629 839 2684
454 2043 266 721 186833
283 2177 820 79 185783
1821 356 228 472 92692
639 163 125 694 30812
464 1480 846 322 30256
1278 610 202 563 123095
676 2169 490 261 88445
1711 1345 776 847 144667
1487 20 892 180 60933
513 971 265 325 163456
1381 142 664 189 145897
1095 468 983 543 21026
980 2019 881 26 172752
642 2089 288 910 53578
1306 749 281 991 161709
353 1104 182 409 167204
1622 1943 884 719 96524
1740 1415 358 566 165952
1735 2099 525 39 189329
1410 282 544 140 11966
455 847 838 316 47645
1527 1269 31 483 172695
1429 1105 25 753 95726
810 2045 563 915 4192
1350 202 242 879 58062
1139 1242 582 906 69524
2020 1913 181 65 90781
1172 1944 828 19 109450
1833 1048 353 559 85133
1910 122 437 702 166998
2161 2004 484 624 118639
833 1963 821 109 72278
1812 929 947 994 84686
1867 518 689 670 95291
319 1503 415 605 34937
490 515 170 640 155289
1878 1801 177 717 46774
458 1503 412 888 114093
1714 1101 447 601 4294
641 420 490 532 21117
1406 4 961 743 146346
361 1185 25 402 34076
598 1280 549 373 33578
1156 2183 872 849 186852
1817 1315 68 911 148325
972 1752 36 889 21889
531 1447 790 77 117392
353 590 592 782 190527
1952 380 753 130 45072
1174 1638 439 826 9089
1361 2043 706 638 173555
375 810 651 216 113858
47 1348 25 639 61698
40 2145 127 367 92216
2160 1071 401 585 89859
165 359 385 54 72992
31 1567 5 338 52181
1687 914 882 98 116767
1170 345 336 820 6830
256 1460 379 424 191681
1960 336 521 372 126650
851 337 391 395 59080
618 2027 165 999 24110
1315 686 336 234 25831
1114 604 824 544 199033
1570 352 528 403 165836
2015 1516 288 865 174465
738 268 664 419 151625
368 1237 588 478 194491
408 1745 179 192 474
163 906 802 196 142535
1759 1318 674 195 85907
187 810 627 604 2590
1878 2143 362 855 154895
559 23 53 402 54951
139 1163 955 365 11350
1329 1528 77 64 9213
967 775 970 274 67995
1269 614 18 259 143732
759 1289 696 606 86961
475 2118 272 978 146271
1724 517 883 26 195035
742 1155 971 555 8763
440 1523 549 188 93746
668 57 469 152 60963
182 63 470 295 33310
2007 723 301 630 74340
12 907 333 648 120819
1454 390 898 169 170889
12 1210 198 959 167821
170 1779 532 686 194407
2028 1020 315 539 99395
417 698 528 557 64638
740 1970 170 111 181835
1369 1917 686 410 21160
1058 1222 581 231 9696
1846 1954 640 6 168961
645 2034 125 592 37660
527 10 719 318 198023
1152 1210 721 739 13889
1459 1108 318 572 96238
1724 582 214 973 85941
1474 1171 929 187 175520
360 1832 625 172 50164
2041 451 169 665 29787
1506 369 308 748 72779
1452 759 731 442 142569
1487 319 692 180 28714
880 55 242 800 117615
2145 1312 836 61 91627
252 1102 719 39 79687
409 1145 645 340 119288
949 1793 635 518 86805
1336 1757 290 602 64354
198 1034 34 366 137345
1939 1111 324 566 150698
134 1170 209 574 151026
1746 183 123 386 135107
352 1335 205 557 164668
656 846 400 362 129315
1805 1713 479 302 178635
1821 41 160 720 199742
66 854 180 92 155330
740 1190 577 999 176963
1639 1303 13 459 31264
422 515 830 137 67811
611 1494 396 846 178943
22 220 940 164 31637
749 2030 674 480 17546
527 1572 371 42 79865
2194 1233 293 410 79474
239 1584 73 650 36408
1438 462 60 533 183167
163 955 471 553 36280
172 702 182 119 129053
128 598 240 945 129554
1077 891 853 104 96074
167 743 594 127 74438
511 1318 251 679 192808
220 1394 499 501 72207
2030 1673 544 84 138202
1536 812 109 643 39742
183 1320 376 409 134200
253 1928 255 843 117320
1266 307 738 426 180973
977 646 499 136 141332
32 1966 250 386 111573
1469 1722 117 212 36414
923 1947 956 75 146038
1166 1881 324 86 137084
691 904 482 17 23383
1321 394 730 454 6129
28 38 376 553 49896
699 1223 587 913 74498
2016 989 864 6 154134
2042 172 211 878 32345
1622 1769 586 405 106267
150 527 333 231 170532
2062 411 117 511 69323
1099 810 275 197 159492
279 965 523 565 180064
2129 807 885 626 98648
411 1800 406 478 182806
745 1580 811 277 107285
18 292 403 293 195023
340 1992 541 984 195765
192 263 628 457 54059
2182 2138 716 582 124635
1872 993 272 678 146717
723 2023 701 760 136852
1416 530 23 391 112593
948 2083 867 465 117015
2156 457 666 615 130930
1510 2150 132 545 140404
521 1169 447 190 146926
1750 1265 425 754 147223
324 570 513 869 17155
1378 1969 34 193 81396
15 501 69 897 56243
1110 1807 704 314 167619
951 2187 329 29 143473
473 2179 334 496 96994
1371 1020 641 926 123456
2170 656 1 718 190562
1996 134 231 191 24103
2172 1701 768 143 70039
1143 1494 924 569 187907
1837 1842 338 231 84855
1189 755 281 998 43110
1503 1168 686 665 9738
1891 1213 804 546 50372
2156 1518 861 995 89906
274 1290 11 933 165108
1384 1370 754 239 198853
743 381 779 653 87109
1542 1556 773 832 150747
1985 1924 470 510 28386
1591 1466 461 449 157541
754 1275 408 862 91903
1315 1446 838 120 145931
885 264 317 146 9619
398 1888 721 497 112426
751 882 792 938 161645
867 81 282 8 160610
1071 163 977 327 58757
1117 1194 714 448 103576
414 2133 279 385 59730
1600 1983 280 826 106520
2041 129 19 238 84914
59 457 66 669 34500
2134 893 772 891 168181
558 1209 209 86 156366
632 1052 237 163 20343
774 1163 741 846 39372
1404 887 677 919 189470
1490 1330 999 342 199735
953 277 720 334 2444
616 1844 931 934 174481
91 1319 882 386 25135
1773 1512 559 745 107797
690 1350 21 712 32998
2028 954 897 763 162351
702 1716 602 147 164726
46 1315 2 280 19446
729 123 709 865 169721
2155 1790 335 752 156773
532 642 706 683 125437
1458 1911 826 161 15261
158 1864 363 236 59742
1096 34 314 494 139430
1632 224 441 505 122637
898 660 564 472 74031
1718 1756 839 156 21206
1513 2166 480 526 14902
2128 684 272 822 55344
1459 1318 13 841 45306
773 826 131 610 161589
1430 1861 133 413 158944
908 931 639 67 130641
33 1932 858 735 141958
838 1464 286 782 73894
1766 1193 386 472 53805
1770 1045 408 759 3012
696 2189 554 440 32069
354 1748 15 547 136685
2077 980 116 635 191347
2157 273 207 451 24932
1418 617 90 375 23752
1738 1945 656 151 110887
1895 1599 439 716 108797
151 2022 170 389 90387
1955 466 701 454 55550
18 1612 815 950 46126
333 1321 896 85 79433
75 1375 78 762 166794
2050 2010 478 248 15077
1916 799 340 256 49101
2071 1763 169 173 101406
2059 1792 142 585 86181
1549 670 355 782 176663
112 809 123 706 139283
1761 1508 108 439 58533
164 955 563 465 94060
400 1488 613 807 185926
1696 66 204 629 94805
300 1978 112 315 152474
1382 1227 285 465 190121
45 426 265 130 188146
254 1094 311 314 83221
1336 1715 522 63 189751
1165 1311 140 170 140140
344 222 138 171 48471
2183 753 818 57 131717
1355 1502 784 501 34644
1510 1755 422 483 54631
2142 1219 34 46 112137
411 1211 933 503 102545
1686 848 371 509 167756
646 1292 149 963 180724
542 318 171 538 71803
388 2048 283 219 24927
349 2113 911 838 191255
41 1449 352 187 98322
256 1825 734 364 30552
1123 210 573 999 91178
728 741 80 483 144244
1615 1271 642 694 187880
1316 1443 233 123 121508
1419 564 303 94 29082
1787 950 714 691 73880
1566 1767 966 145 126676
49 425 308 845 6508
1940 1461 955 172 12732
1926 440 163 234 48351
184 406 100 19 135280
335 1806 849 816 104802
668 182 279 544 29816
1783 1745 991 643 16104
1613 135 459 497 80252
1359 2023 810 910 48500
815 1447 866 295 58816
468 783 399 422 22024
1473 1290 834 690 8181
1661 873 468 917 13331
1922 1682 179 926 136403
662 2086 748 714 72403
413 1330 377 381 66595
2013 401 423 837 55960
1959 463 105 893 72713
899 1306 623 230 55578
1998 1105 831 801 147306
437 2015 730 240 147317
666 405 538 13 69460
1389 1027 16 150 32539
1914 1661 754 27 35431
336 878 861 466 95812
1788 864 17 446 188766
797 883 876 267 114033
