1820
1096 594 320 435 136567
1620 1622 555 89 130531
1512 490 619 513 47871
391 227 235 665 50421
892 355 634 713 79967
1617 1738 101 669 12637
9 365 352 328 96048
168 900 989 251 172926
634 363 28 705 631
1250 496 913 23 104056
1243 316 181 610 168068
1054 1579 848 43 43519
1173 1452 780 21 27765
1118 741 992 44 121033
1222 1078 935 6 105508
336 656 632 944 133183
497 2187 197 165 59748
1481 420 615 801 195729
177 774 147 343 167068
2000 613 209 585 26888
1680 608 614 388 59088
1575 77 221 559 122222
1054 1856 821 954 47161
1110 1036 389 439 60393
1609 617 712 429 155515
862 781 567 550 35525
1934 382 171 174 59527
1093 1550 109 715 144448
1221 922 228 182 179117
1890 1293 332 36 194816
405 1197 826 720 36701
413 934 284 938 100159
926 1025 199 605 70067
2190 898 814 390 172101
1210 1411 594 679 41088
116 1570 6 133 89839
371 290 411 873 80403
2181 1086 577 740 5145
782 1819 424 201 56602
153 791 181 255 144875
1241 2017 497 129 112592
1938 997 930 377 129819
25 1101 774 580 116973
1536 161 253 881 89412
1141 1415 216 295 19072
249 449 56 76 13007
1940 2117 246 485 147873
722 2023 753 541 190395
478 2118 298 651 2654
1380 987 620 544 31459
1313 1286 181 137 9636
1004 338 414 564 38982
1238 1704 941 264 71531
1929 986 880 525 131965
270 2155 206 724 69598
897 1256 400 708 196593
2165 573 911 201 42286
20 1958 322 802 196249
16 1241 457 547 101426
1120 1029 554 685 53795
1475 1107 831 626 166109
2067 1275 583 612 25687
1439 377 731 726 157357
1620 1946 700 221 114489
611 437 785 589 185893
750 909 346 146 68166
920 773 799 181 18453
1636 1400 812 675 148674
458 915 193 967 133989
1320 987 160 561 62091
591 972 314 685 192398
1535 587 885 701 140623
1522 973 306 775 23059
1658 1764 439 533 62506
1318 143 462 659 97906
899 732 293 190 70401
161 2182 19 959 16018
932 1646 547 307 34758
444 29 405 703 196320
626 713 798 484 28521
960 1602 462 867 73941
355 1966 509 156 86546
639 1318 29 857 183843
1462 1589 497 620 124876
375 416 319 448 67126
283 1626 911 756 175233
431 1117 936 325 30065
127 1480 589 73 174254
1563 465 122 606 107659
1440 420 793 916 160664
913 644 492 991 37409
281 1475 631 314 43270
781 897 374 247 162700
836 326 552 891 87807
2196 406 613 407 140817
1891 1447 716 955 55433
178 1268 460 988 16760
1804 1269 735 874 112687
1470 1608 655 723 81784
559 1111 954 966 150133
237 114 121 854 124961
1926 698 805 711 116920
1236 1890 278 396 12626
838 1152 227 477 110347
1634 2147 222 218 28635
842 577 695 775 101934
1288 1013 19 201 177761
1234 1527 839 155 113869
1875 1991 188 301 53129
1407 1091 568 106 107892
2119 740 758 106 67067
2090 2148 876 224 69488
2183 464 666 945 70041
2012 131 686 282 167145
584 309 962 465 100478
2018 672 330 910 35053
1221 30 488 688 174222
1733 930 906 821 78589
265 1156 653 858 119723
789 70 904 886 67185
1071 1071 336 349 24213
1575 1719 630 580 7561
1243 353 242 466 185012
1300 1599 972 89 162924
231 1106 764 554 179328
1934 1895 181 519 134387
243 1142 444 857 85404
1893 784 317 654 16163
145 49 67 509 157870
1664 1410 451 389 174218
190 2172 126 871 149710
626 1805 76 565 128773
1106 409 418 711 138170
1814 4 810 130 169802
471 275 785 342 2059
1127 206 547 345 187147
2150 1088 111 660 141119
997 2039 404 370 45668
544 677 388 914 19613
31 1281 11 186 130544
2154 1057 351 765 190638
23 244 942 922 139510
57 2073 885 177 146830
1141 974 145 609 126724
1281 505 971 94 5174
314 1878 16 458 82852
615 1564 929 854 39673
1377 429 552 887 24174
1916 1544 121 298 115777
1662 1039 200 739 195248
1145 2020 666 919 2905
1476 633 643 81 2496
1912 1296 150 538 146807
2136 515 802 910 137132
284 578 676 461 43098
972 275 566 820 79267
467 517 836 372 182138
605 1401 682 301 196021
1664 1966 704 471 22330
833 1007 470 965 48971
1725 1049 462 223 174200
1029 1995 967 496 69289
1256 964 688 994 34884
672 951 805 445 188641
123 1909 932 6 194971
1875 239 156 646 100140
1762 1123 346 514 5805
2019 1143 240 908 145494
1413 1164 111 50 78556
1444 1922 568 886 115262
1267 1961 919 38 45029
762 1865 63 454 156758
866 368 282 71 107186
285 842 951 379 178026
1218 1592 242 174 157067
1378 1170 8 441 28717
637 708 899 666 145922
41 1380 786 952 96964
1780 618 642 566 109554
837 51 182 215 121684
1187 1785 359 407 137375
569 385 378 38 93481
1290 1875 694 412 151239
1538 2053 205 454 151026
1813 1786 105 367 9424
1866 956 123 102 145908
91 1290 497 818 166308
267 739 178 149 83434
813 2039 403 52 103205
2099 1142 348 926 185656
1614 1491 458 638 71535
392 1656 510 900 129367
1890 191 161 799 8600
1449 1066 967 884 137301
879 1049 453 684 16958
1761 536 214 370 42347
895 984 574 582 141305
963 2174 475 130 128982
92 1173 772 445 56818
780 494 130 281 14590
758 712 796 868 86179
232 382 952 331 20732
2098 1027 961 603 198888
1814 519 201 148 60888
1115 240 85 533 101174
746 113 146 537 58332
662 447 315 994 9258
1855 778 310 139 70249
1553 1438 393 441 179689
650 7 755 890 27112
1314 605 139 488 129396
2033 835 324 517 171004
151 580 326 409 15771
38 616 308 688 101304
614 1193 387 655 170098
491 1306 548 604 68994
1750 1118 758 498 199154
1493 83 201 649 94193
517 2000 562 640 105533
1859 1831 471 163 152730
1790 130 785 488 8064
2051 1932 288 798 47443
992 1300 750 146 133558
116 1991 440 862 139433
1786 931 372 519 184593
307 130 894 589 31155
1626 1580 820 690 81376
561 2094 292 957 38152
240 1901 799 350 127192
2142 1467 529 727 36590
1782 1314 585 327 173260
984 1786 776 139 136316
1562 565 808 290 74756
1776 3 760 81 117302
2146 673 224 490 23061
660 632 511 802 99891
972 537 864 32 39577
1515 369 508 183 69051
979 745 387 935 57626
634 1663 944 88 122190
1103 1234 876 364 75170
394 177 731 637 56660
971 609 793 749 122268
1485 16 799 888 71162
1871 1867 354 297 51896
283 483 171 473 142217
1114 1728 493 36 196557
833 30 419 93 75422
353 416 717 774 126180
573 1459 147 488 132333
332 911 808 28 115566
1720 863 489 489 127243
966 2003 39 675 115617
62 708 553 884 117821
1792 1990 164 772 114521
1839 746 586 924 70423
1522 1409 789 488 1097
1305 1008 249 500 182453
2142 1466 941 911 179253
1444 1174 258 818 45401
306 810 183 827 39648
12 818 695 587 154281
1667 709 349 964 114104
893 1621 721 698 26109
1159 1792 904 612 62339
832 208 426 33 9278
288 1291 870 537 25837
1172 701 289 653 199641
936 320 836 792 43150
900 1037 736 961 93057
130 1320 284 469 102728
984 301 486 262 126893
1871 951 40 860 70177
647 1032 237 688 84093
334 776 168 885 196757
945 2137 698 2 156206
294 1132 953 22 154371
1655 1559 621 900 152054
292 1924 784 421 6124
564 1469 509 610 91369
606 1344 229 716 15238
806 1861 664 964 23318
569 858 633 740 82148
502 1747 648 508 39992
965 2153 174 90 45572
1108 606 216 77 154995
1657 284 400 95 110561
1142 301 466 813 185413
1829 2182 274 578 60076
1109 32 892 701 76373
1573 667 109 945 132645
572 2006 83 167 195715
884 224 119 845 97119
1119 739 152 285 46973
1191 1914 292 867 105686
512 1977 630 686 162676
1321 1859 357 918 189297
1006 1690 258 474 39363
2198 1158 955 918 98634
506 1189 74 79 94646
1799 2022 89 837 177789
233 702 540 110 85666
97 831 949 946 113599
1508 1705 179 23 55392
2002 2022 740 636 109289
1844 942 173 890 174529
4 1041 231 745 121395
237 1378 288 855 130733
873 1104 451 224 10671
1773 1133 556 365 33156
1087 967 3 976 1378
670 1820 462 352 145098
23 1908 53 371 108856
1287 2008 63 172 143231
1072 2045 21 543 67568
1371 316 881 879 190554
1863 1566 894 193 177600
1804 1416 368 54 188466
328 229 400 784 102676
1529 1823 395 312 184608
272 584 80 592 11840
262 1363 194 768 186596
1230 983 129 430 14760
854 1386 792 472 32145
1913 600 537 541 28822
1622 22 934 831 39760
1556 1655 799 348 122471
1751 562 683 499 177114
908 681 464 420 54618
347 1226 898 892 140202
1195 1157 650 817 69650
1187 391 574 300 4624
1559 1608 156 382 74781
980 1685 136 694 172071
2154 954 774 372 136170
34 1120 364 836 125200
1698 983 352 749 129474
1476 888 940 101 51744
1918 812 394 100 184748
2105 32 79 976 41031
1519 282 806 689 93433
160 1323 512 760 152278
643 11 312 469 117047
2000 1745 398 144 125600
1541 2014 266 289 31410
356 1946 874 187 82651
1330 2107 748 515 49308
1715 475 188 393 44072
1736 588 209 983 62399
711 1583 879 311 142507
1705 804 846 316 138046
664 1824 12 315 7744
619 1045 913 927 73071
1619 794 788 243 14988
776 1931 515 927 80528
138 438 302 245 89250
682 350 818 880 176506
1304 944 860 449 21643
1807 420 699 430 35257
1170 1801 845 511 149094
1034 2039 967 762 194728
1195 452 97 198 189957
2059 880 560 118 101600
1570 1974 623 765 20456
716 572 554 574 65043
1695 1696 959 189 42156
153 975 537 81 94999
318 877 227 627 124390
839 487 357 791 11907
1219 2162 327 275 126531
507 2144 870 902 112452
206 2197 186 514 132966
878 1019 301 629 163961
2051 1947 926 593 79330
757 232 224 816 97813
122 2187 614 406 56138
1865 1713 815 269 105558
1980 1828 142 99 35813
2151 777 6 665 171362
15 716 461 697 71305
631 606 774 397 150893
1469 2071 677 607 129113
927 25 694 638 131590
606 18 869 571 48674
1617 722 587 531 100246
1204 1098 947 261 25455
516 45 594 162 38553
1079 431 591 792 85865
743 1671 509 485 180368
414 43 814 89 145280
101 1258 789 748 53737
1076 104 318 132 57039
2186 2000 562 539 40163
1709 570 362 974 51546
289 69 355 857 181233
495 1671 712 727 6950
365 628 328 854 187970
359 930 14 150 151033
1503 1736 27 866 25415
1129 575 301 875 59597
911 916 573 545 38523
1830 2192 719 180 79197
909 1745 799 232 155947
676 1791 142 661 87682
696 1964 582 111 132630
58 1993 20 607 56909
1762 719 816 85 26737
1462 1515 848 211 56808
727 73 705 826 152793
2145 654 115 627 32048
390 1275 139 173 193831
2013 1631 438 322 50932
152 1237 322 689 187709
325 904 915 333 67990
1238 1412 39 983 127388
1493 1880 907 142 133493
961 1084 209 792 193935
1474 1806 880 6 22040
1631 1510 0 540 22117
1392 2066 751 782 28056
1771 820 955 712 138964
1155 1357 651 848 194236
495 1809 602 430 147688
1697 1304 862 290 81160
440 1473 365 510 19173
725 102 84 581 159431
1735 104 968 499 4056
1211 454 54 247 166126
1329 1943 173 169 170864
618 2067 709 978 3030
1492 370 880 65 5182
147 1990 171 331 191182
1218 866 717 26 151076
396 1038 637 522 183923
177 1004 173 193 19380
2106 2011 341 936 183592
1101 380 246 835 82712
1544 535 418 479 189836
1760 2097 124 788 194284
1153 384 707 276 142514
1351 205 799 884 55063
236 1742 430 829 143810
1152 682 318 216 3610
456 760 639 693 168405
1423 1605 193 459 112089
1413 1212 440 79 166377
1884 1782 466 499 91045
844 1136 917 7 13608
1438 1511 727 1 14399
269 857 902 474 143887
1079 1097 756 968 74307
1700 2133 612 878 64920
1560 1314 814 758 160194
1213 1802 961 973 161902
2019 1564 365 218 18472
2199 1488 762 439 163574
1477 518 638 136 184412
1368 1237 867 89 523
1535 1201 559 681 198533
99 646 20 601 514
1875 1220 991 948 119736
2101 1299 290 27 34279
993 104 993 805 17960
598 526 767 121 41982
1849 1408 642 734 13920
1480 2034 35 346 139040
212 1021 121 148 176808
799 401 629 430 56973
263 1775 981 224 94485
1278 374 296 460 162659
1778 61 396 698 8256
450 530 876 291 101182
1017 103 204 377 44050
1123 176 606 496 54805
186 912 336 624 106782
1315 1054 915 126 163510
1158 304 954 415 168928
1476 1217 308 858 62485
1913 228 805 115 95364
1968 1991 487 725 5982
740 1112 136 74 9599
1887 389 667 798 130590
1057 1908 723 138 148923
1078 2014 25 715 126741
601 980 896 765 108453
1210 1733 59 592 30887
1926 1885 959 678 22923
411 765 115 353 187501
720 1363 701 444 111424
1699 1322 389 592 49867
892 1794 759 697 143169
865 1508 252 304 123445
1856 183 61 779 187137
1249 1790 895 302 178026
1494 1422 266 918 147458
959 17 10 379 148588
1177 1671 321 499 6004
315 1364 221 560 97629
1881 1216 547 371 57604
1217 1220 122 43 14089
185 337 807 443 147944
763 355 334 503 11225
35 833 332 591 134605
526 1458 971 907 65248
269 1941 512 425 11387
687 1442 838 376 79684
958 1161 805 454 21375
1935 817 521 760 20760
1894 947 290 51 188354
286 1130 237 934 17348
119 1356 181 59 2378
642 946 722 926 77624
1262 484 539 189 173436
1441 1924 836 353 187556
1677 2047 850 783 14535
1625 1069 756 174 73180
570 1045 904 148 35512
693 2143 669 669 195602
77 883 673 113 52754
645 506 59 553 172749
1538 1783 766 473 81858
1108 499 825 241 173588
1544 1211 511 856 4670
1727 1349 219 529 61254
2124 2158 671 30 182702
527 827 580 829 146377
188 919 592 646 174915
882 2107 948 270 23243
1868 1814 822 91 117311
222 1818 899 77 194371
542 753 735 997 20458
681 876 257 211 166114
494 399 998 962 146376
969 2044 266 212 110705
1853 1233 724 964 90232
454 1938 567 777 79094
593 872 69 803 32272
207 1037 848 473 160497
155 568 482 131 181199
997 252 665 902 42126
2144 2107 223 976 58650
2174 582 511 820 156362
2081 1813 969 554 73583
804 1713 387 502 111606
206 1009 740 5 84907
2189 803 457 515 55193
10 1811 587 860 193365
540 986 406 654 80321
1232 1936 490 416 88571
2092 1772 274 498 3755
342 1256 662 49 5235
1576 638 305 521 16217
1026 2131 943 391 77916
1855 484 338 176 44529
2087 1361 777 858 189626
1468 1751 601 224 95549
2176 366 768 411 122610
872 939 260 841 124206
64 1867 611 132 86343
2038 1988 516 519 102295
585 1806 17 612 7877
1406 80 656 908 103120
2073 1236 199 683 68023
1791 707 148 349 39939
351 1613 698 247 173368
979 1285 757 626 99686
1754 1963 927 784 136915
332 342 50 404 163360
1216 1678 161 39 24486
1086 1582 532 977 195821
1569 928 127 689 181097
195 2020 998 833 129013
722 1740 524 37 144962
1689 2122 726 249 39666
269 1818 657 555 106204
518 1993 922 539 135840
1924 60 902 821 147803
1930 569 802 295 10922
2121 17 807 235 34542
466 676 78 85 64129
1255 1754 61 412 21696
153 930 21 545 175007
929 1021 443 84 172233
735 215 662 58 182412
166 1731 918 109 18080
1487 727 964 368 39394
472 223 635 168 147118
332 1674 771 539 174117
1138 1820 905 724 49393
988 1659 269 952 112920
2182 918 979 14 173952
1670 1453 621 265 72859
175 1489 258 294 125197
1584 378 717 302 96484
1207 192 516 0 137889
994 1940 492 66 95728
1997 1601 367 302 2363
694 372 437 905 176973
1546 881 727 143 74879
1337 1728 630 973 173905
374 780 933 863 134774
2091 58 76 19 199825
2118 568 670 33 55077
445 127 633 418 177195
1184 916 860 863 113714
441 1152 325 698 21188
1370 72 535 944 35258
1343 187 958 368 169545
1022 838 71 51 133679
1101 648 618 896 146151
1536 2081 744 850 59335
1995 1643 341 735 48449
1574 2057 553 384 57365
852 327 296 798 109493
1603 1372 175 482 71686
158 2184 432 261 13024
42 197 599 329 168665
762 924 611 211 132594
287 1137 722 652 4220
1774 504 54 619 185649
1697 1822 905 336 161826
1602 1894 707 378 59441
2025 1820 350 891 13104
103 1805 216 297 114226
1390 1384 588 410 190553
427 536 155 629 133492
347 526 614 725 127578
1235 79 457 628 177708
767 2053 96 871 82830
332 1926 575 110 41101
1869 1500 63 223 29159
1347 402 831 592 191599
1707 1491 216 685 169110
124 1272 852 785 91648
1905 952 424 935 34705
154 1819 930 607 167702
1278 477 852 789 196230
1493 889 481 245 159054
86 1952 389 996 164972
1140 120 505 188 140261
313 1046 933 170 137410
1834 1924 932 888 45753
1883 1366 956 265 98561
1613 511 156 467 160845
1478 505 701 2 192508
297 1894 83 510 43774
1231 1975 497 41 155081
214 227 116 119 83174
58 154 772 19 18282
390 632 251 787 183683
439 1465 467 699 105957
10 1548 458 136 172714
749 2168 809 230 37785
282 996 716 456 90389
1105 1914 933 139 189222
794 1282 869 677 169717
721 1068 567 278 50335
554 240 777 868 179515
325 1017 599 462 26897
1858 1545 553 447 121196
2064 1704 444 486 90820
2153 233 510 823 97526
747 344 774 82 42731
2050 1989 809 166 52766
95 1843 306 792 169827
978 1051 650 974 178403
1908 1438 77 128 155955
1551 1034 57 629 99910
1972 1776 811 503 105553
1879 1706 24 445 107400
1161 741 133 740 165867
1725 1319 493 280 190336
587 1989 717 294 139084
1113 1245 26 775 75951
360 2147 403 913 149402
965 1192 390 317 142909
133 879 619 152 176731
616 630 310 553 54138
1184 292 186 420 78251
1369 485 60 272 24583
1761 1433 898 363 79959
514 481 598 975 189843
2033 60 765 964 128477
97 1132 85 587 108795
457 1923 695 709 97329
1267 430 302 450 130980
240 163 127 352 31287
1786 1666 394 29 64760
358 1814 578 836 155654
619 1685 224 566 156462
1948 824 85 229 197148
1243 97 899 176 47115
1969 1216 920 57 161663
542 395 624 902 76339
1533 1060 448 739 38238
1968 1759 77 630 163085
310 930 760 810 191453
938 1805 181 5 12209
708 1327 184 123 1750
70 65 167 9 187131
355 1542 482 345 780
228 65 847 314 192993
422 624 786 876 16378
2090 366 772 51 122791
1373 759 283 723 159899
835 1193 755 566 16900
1268 1673 370 848 88849
1483 1428 94 676 45235
1234 2099 327 164 123070
1656 1254 705 648 71093
1617 1621 696 116 27217
452 1303 821 752 58441
1196 172 372 46 61494
2016 1481 758 803 76801
295 1038 402 318 158209
488 374 174 981 30409
866 1799 667 683 69795
1043 1487 640 285 42571
1792 33 231 239 64812
1785 1807 611 338 27313
423 785 903 632 179849
803 1920 853 12 43078
652 1079 514 400 119052
1920 2043 880 643 127754
1794 987 978 558 58714
1097 1943 81 610 124786
1997 833 17 598 180667
370 1201 566 0 75889
143 1205 5 147 86397
663 2019 862 17 77600
1033 1811 970 899 85602
780 996 807 718 199065
2099 1267 65 518 198840
258 1288 441 99 39619
185 642 990 582 55046
1003 1597 215 3 115209
1624 2188 87 26 159978
1148 358 677 366 156284
91 865 383 283 194144
362 693 593 181 79823
664 1518 652 662 182787
529 465 421 339 116849
1264 515 493 43 99609
1649 1743 709 333 146451
80 576 59 977 137926
1109 1339 72 133 47905
698 749 764 285 43790
194 1015 106 643 63829
402 1260 103 564 78573
666 1613 298 869 41798
1908 1502 679 434 185074
1485 296 581 390 8570
194 1688 526 136 122682
1646 330 925 276 90293
1351 830 794 324 153985
1240 542 611 239 45759
257 299 533 131 154665
1544 17 359 266 65981
162 1612 100 245 35600
926 891 319 771 150030
508 1522 846 293 57902
1048 1134 325 808 114588
1551 1665 349 217 193424
1509 113 532 291 76318
1677 1605 802 277 152144
645 1355 526 627 140846
1317 1487 581 419 86400
46 268 276 186 46667
2192 1338 307 768 164493
1794 1477 720 512 92220
1552 1942 171 249 88926
1128 1246 825 574 55927
1005 92 863 206 167113
846 4 991 713 131331
1559 1457 825 805 189081
1188 399 512 960 87254
1575 713 314 901 81406
577 781 908 856 69160
385 1214 572 98 49000
1615 544 209 547 53376
1119 858 663 152 161618
643 1540 501 698 127663
527 873 926 933 166566
680 1662 719 392 197907
1015 1729 828 167 2733
1905 383 282 33 167324
2086 2153 257 504 76140
4 2100 350 819 67798
651 546 279 569 110375
901 1001 193 560 106141
612 1328 247 297 10922
1102 1354 988 779 49982
464 1217 521 757 32093
750 1313 732 500 147173
1923 1503 72 898 127078
1309 1151 112 202 86873
618 815 712 341 11192
839 1395 926 422 5019
1807 38 795 452 71943
2065 802 303 638 188060
1792 114 412 870 94806
431 731 134 104 164964
628 1675 568 620 24549
2013 11 185 632 165363
1690 1191 443 233 151224
971 1250 41 432 148246
1501 1176 447 59 64555
2119 690 747 635 73730
64 2063 35 765 172974
1142 1931 715 905 92447
984 1947 133 208 56707
1702 1732 716 100 186535
2128 1001 413 835 98292
691 1755 790 822 2055
1802 38 804 776 179206
41 70 576 40 6887
1002 225 585 309 126475
1360 812 912 496 120869
1937 1624 612 582 30266
679 673 847 86 106767
2109 489 17 467 185238
794 1261 101 281 149040
2168 1483 545 443 129478
2016 1556 252 637 84357
2021 375 157 239 43028
2040 70 357 759 83182
1982 1021 488 620 114598
1167 1414 295 7 98549
1651 775 771 481 165178
2075 449 887 432 29527
1531 1406 997 511 36462
1819 2152 263 153 80268
1825 735 155 575 74284
1973 342 902 674 68521
568 525 159 699 112877
848 1774 559 527 147408
495 658 170 109 27965
1162 1880 234 582 154674
1937 1959 134 574 84769
677 1899 373 150 157029
883 2119 18 160 93051
562 1761 40 970 40792
351 618 727 668 153699
269 2183 565 895 8808
994 1184 758 163 198477
1163 992 943 992 175809
1583 1475 788 586 80262
32 1548 470 424 5301
941 1928 148 40 197088
768 861 156 328 185131
849 2122 237 526 35693
51 1889 834 261 181030
1725 396 734 939 93461
201 2171 347 902 174882
352 1196 988 793 1475
2024 1513 993 107 29602
710 1556 34 803 51067
904 2055 868 686 15876
510 1963 302 523 102016
750 725 379 984 169873
1221 88 481 48 120975
1916 424 132 918 129146
739 1028 832 558 197640
875 415 901 903 154439
1859 1765 488 675 56265
119 1977 761 793 38965
1945 1166 414 672 184449
283 1788 906 781 155439
1123 1473 831 563 11935
1767 590 493 558 152046
1900 217 892 917 45458
1499 236 981 264 169021
582 9 634 583 54347
762 618 0 553 180622
1729 1876 391 816 76625
1456 335 493 855 116334
1827 355 72 638 53710
354 489 553 975 129260
1042 109 44 589 125515
949 1103 256 771 116263
215 252 468 240 145084
1228 248 903 162 189403
48 989 979 958 106058
1882 1512 239 743 145620
1526 1737 926 41 59700
1745 1342 665 360 90982
790 975 567 675 171318
1138 1503 17 894 140615
919 342 101 929 79358
1938 2012 507 310 103365
2157 2036 877 657 68844
2122 954 114 104 137771
1437 1847 722 107 10441
408 645 139 976 28577
194 1495 424 952 110282
735 2042 305 452 198188
2095 1809 419 539 25141
571 14 470 142 8173
1640 1379 38 81 134517
791 642 418 520 80636
575 666 419 409 180913
89 696 949 878 101413
1118 1725 817 212 48710
1129 2183 725 303 35831
701 343 376 819 45657
295 10 931 331 170
388 659 220 853 149397
1768 1295 773 934 35717
1818 1604 216 728 6698
2115 858 513 698 5799
1077 400 171 534 101808
784 781 265 355 68933
416 495 501 614 92076
96 1134 420 365 11396
1569 1183 112 219 199425
2193 2087 137 145 39322
1635 22 908 643 13137
60 579 886 594 42489
106 410 776 182 6182
683 2031 196 431 82263
483 1000 171 460 82932
1596 1654 599 718 63610
748 905 900 237 176973
1281 1098 844 722 148079
1966 629 11 500 654
1583 1935 966 46 58194
1591 929 190 675 15918
1441 1671 141 52 15996
747 1000 389 920 143046
346 601 523 25 32287
131 1543 195 138 175704
68 1321 319 262 26082
2000 2005 680 318 130048
1190 1560 164 938 162751
444 2085 805 290 41316
905 588 966 345 5958
1234 228 966 538 309
257 1006 221 939 86239
1158 692 10 959 160226
1107 949 488 10 115122
238 1055 897 954 36725
1531 12 357 489 5486
2052 675 214 113 50185
304 2122 262 95 186172
1993 854 613 620 46954
116 79 241 791 145514
1954 829 736 80 54848
1146 1563 804 584 56748
57 836 501 642 150480
1094 698 594 866 20824
1238 1460 232 744 35600
2013 660 203 79 198111
1352 1434 866 553 25633
121 299 883 469 72829
1833 126 920 465 113271
572 511 378 596 91771
1765 186 130 965 46990
2174 930 961 685 82543
746 1989 942 731 78747
1413 1052 273 794 36593
828 2180 245 99 57551
2072 1624 172 595 152757
2087 1112 629 477 198559
1489 1451 88 232 57159
1672 1731 62 220 71829
1124 833 628 717 78867
740 1346 997 692 86408
405 116 463 762 3221
194 49 78 953 60775
604 394 579 915 143481
1121 1187 607 103 72910
1524 27 296 191 42441
421 1884 728 181 189194
192 1986 949 765 154244
1707 311 816 834 122550
1829 838 153 462 26811
990 1984 839 652 103892
100 1376 520 293 152066
1762 2114 247 909 24204
2132 2101 218 528 29433
1382 1987 421 285 116730
1746 1466 728 709 33011
1364 299 103 408 139464
1103 1108 553 721 139080
2152 2036 345 156 135619
266 40 320 300 140798
1816 1034 319 746 53907
128 1845 354 339 91585
66 455 263 130 122806
1909 1386 507 989 133524
1277 1341 449 697 83943
888 163 863 86 11241
1961 255 553 468 144250
1369 148 839 155 119198
1153 1373 303 711 135694
1310 420 610 186 69441
301 1063 312 596 172903
505 485 323 946 33228
1243 1908 328 693 178130
1884 1263 770 882 108477
1316 987 498 363 104943
1198 425 211 40 126471
2033 293 289 336 27826
491 1593 340 719 75526
1650 962 208 332 183200
1128 816 251 357 70471
593 426 389 536 54390
1441 1334 526 712 38766
329 1345 833 155 192571
1661 198 717 387 157227
1319 1789 922 471 155232
2040 1951 709 263 93938
141 656 744 932 146735
876 1173 237 594 69878
1557 1323 78 328 2734
167 589 929 146 113429
1146 1417 888 730 67518
1040 122 785 731 173240
701 824 556 388 147993
1937 864 458 968 30081
470 1677 405 404 48733
2163 572 470 592 125947
28 291 821 746 22888
2128 1539 622 368 1696
1033 421 409 827 183246
1555 1764 884 588 5625
1235 1859 663 168 174961
2119 132 924 666 101987
1610 1294 992 698 82367
2189 1426 547 237 134883
1305 1870 897 104 121920
2130 1811 199 307 84814
1098 695 263 660 58810
1026 179 397 813 86947
424 1375 673 591 46643
587 132 369 871 80852
1351 1128 832 671 10440
289 801 661 503 73443
1995 754 214 805 22756
1971 1631 797 319 50945
894 1495 486 337 132772
1398 124 547 650 89971
540 601 72 132 34276
260 1774 677 256 42426
639 1051 408 195 50583
1149 1518 237 94 80040
589 1188 477 313 2484
1323 511 113 294 104154
1101 1586 119 329 19514
2139 390 46 717 34293
1722 956 703 906 3649
257 655 502 449 8621
211 38 952 695 49642
1272 1218 664 626 21415
1929 1479 9 43 21651
322 334 403 767 23151
1597 289 347 198 67559
214 607 57 236 2755
2009 399 494 251 158047
1599 1323 701 767 70865
1729 1296 691 180 88381
390 1654 421 541 150026
629 2090 640 341 49863
762 555 543 317 30247
904 1326 530 352 32342
1589 703 470 406 56605
307 735 468 688 41118
1010 1830 971 836 3474
1896 1617 958 759 120413
253 1273 991 300 166266
1361 2157 661 856 99269
1551 2045 803 757 143716
139 464 104 657 103090
1958 467 303 385 7534
1505 1281 392 270 7273
783 1923 975 849 53065
1608 563 219 30 106284
145 981 290 662 17264
19 201 858 509 118354
1458 2020 805 992 82678
1733 249 471 606 133438
230 1190 391 247 110794
722 656 38 406 140754
2125 2104 718 941 159219
310 960 870 216 131271
281 1627 371 159 62290
47 93 99 885 193573
644 915 962 191 197641
185 1113 71 491 62970
1008 1217 758 580 18775
893 642 10 116 22119
1941 1798 757 983 70037
761 630 315 334 71250
902 2178 921 695 32382
296 880 572 667 120234
458 27 959 785 42741
1451 231 747 322 14401
1812 63 998 801 93345
1503 762 248 353 115428
543 607 103 125 150979
900 1174 841 487 102183
107 945 930 200 73220
732 852 726 933 120561
2109 1497 851 654 60390
2188 709 815 169 117413
614 64 742 993 16222
125 1893 380 861 117916
109 520 873 329 77877
1408 1061 147 721 88925
51 1830 37 393 5196
1847 1734 303 461 179146
2161 475 820 536 115919
61 1413 74 577 39713
1646 86 16 323 42747
220 83 205 897 96229
328 1500 646 925 28587
776 172 785 475 15132
1987 588 324 706 84612
232 1168 945 498 17538
564 1144 619 63 163632
1800 1235 932 581 73103
2060 1710 235 247 145185
831 376 51 963 6207
545 1350 456 957 113839
1116 1590 240 406 149176
522 570 786 106 46184
3 1506 687 258 188821
1106 2118 518 291 77349
384 1874 789 144 146094
897 1441 798 688 138539
947 1404 610 524 180540
1380 998 104 316 152333
1519 1720 378 940 41210
849 1046 337 951 195649
1367 1735 31 613 148163
952 262 150 843 107224
423 391 67 915 42355
1317 48 364 650 86417
521 569 710 83 16836
1167 1684 635 216 186108
1598 135 700 961 182523
1106 2114 757 131 119162
312 1354 421 19 117300
919 1537 987 136 126469
1834 1257 740 670 117109
1971 37 805 279 149777
212 877 391 935 166540
792 1842 973 754 36305
1614 1019 790 715 199479
2100 386 923 722 6127
1467 1956 578 576 167580
73 347 26 450 138168
2173 1862 150 866 16456
647 2058 565 504 67992
917 270 337 148 94984
774 848 122 254 148124
1247 921 649 979 125678
1857 1652 454 777 165396
1774 950 616 582 77669
1619 1181 637 163 93427
592 832 980 328 14908
2045 1054 708 721 126380
1703 1368 100 533 165781
1030 342 919 178 132752
1759 705 887 228 106670
238 47 210 65 154021
58 857 737 566 66394
374 164 237 754 189192
500 609 143 34 121006
658 1216 995 210 125285
605 569 997 875 45652
1939 1065 931 560 137396
1358 19 137 352 110340
1278 326 833 270 156653
1091 1922 908 249 60442
985 1507 269 223 67725
1272 1028 655 724 22391
340 2015 176 489 168520
2051 1047 800 144 18747
436 1574 196 242 189878
863 133 734 506 137718
579 1843 666 56 21793
1214 928 204 805 38446
901 698 387 974 102819
747 1777 921 94 186834
386 1283 925 217 109495
2091 680 138 762 142410
1896 1293 149 289 94934
1400 1655 861 399 149277
681 1500 826 652 139111
898 200 446 332 88604
525 671 888 373 70129
606 1864 178 816 47168
659 1064 305 593 21271
420 1345 944 49 38361
774 1082 535 685 169797
423 2183 867 227 17535
1781 1905 478 463 83538
1578 469 38 299 14894
2025 1358 551 696 15702
8 2069 518 721 101096
193 1895 980 190 11401
1736 2013 393 823 189515
1382 156 619 273 52498
528 2003 702 222 104489
279 1847 696 933 67012
1115 1293 14 12 199165
1435 1757 947 436 95309
1041 124 899 156 88112
257 1491 516 707 177056
875 1835 610 516 64919
174 1795 329 986 93609
857 1102 266 822 130622
189 1410 646 298 42023
1322 1292 448 786 63723
622 644 351 678 39691
407 306 222 127 101739
1501 101 439 310 111970
251 1768 142 625 143341
1959 414 265 334 129352
751 1256 795 426 111557
1157 1448 79 49 13439
142 56 383 881 185137
1111 1182 245 681 30836
476 884 310 969 109565
1659 1729 615 412 50924
141 1315 541 98 174624
619 1056 505 210 106941
372 1152 586 509 39761
897 621 254 333 63520
165 1761 931 682 189939
1201 1742 506 877 26212
827 819 869 803 167621
1514 574 784 455 6325
582 1380 689 296 33489
1675 193 478 595 114262
869 2113 747 160 124440
523 2161 990 935 163489
1995 514 918 968 177409
279 834 642 956 198492
429 891 787 118 127822
2063 593 140 126 119932
2010 195 155 202 126205
553 1525 212 442 110268
2058 190 110 20 13327
2197 2051 607 441 59945
2187 1622 540 761 199450
1237 1024 750 521 173085
1626 1884 486 783 164097
2004 536 531 872 62764
1376 931 151 655 132673
783 1204 398 80 95802
361 1419 780 212 98820
313 601 323 798 38405
1755 1176 160 605 72607
845 209 82 209 53896
579 338 545 452 126565
516 588 668 870 158502
900 1383 547 72 105688
1468 985 584 873 24349
1824 381 986 631 163312
672 476 638 721 57195
229 900 305 194 25528
1473 1062 484 575 161893
961 1027 900 601 73468
2015 1622 647 364 11037
1173 788 371 286 62028
1566 1358 831 914 180800
790 895 90 318 42332
1237 2191 319 882 56352
189 1443 397 657 132146
798 1272 389 436 89819
1266 409 695 495 47129
2053 1413 479 653 162806
37 1843 113 321 43375
2065 2110 544 169 73856
775 358 367 674 141988
1385 672 508 556 190040
1581 1622 869 262 28270
1717 715 120 123 47083
562 113 786 937 6915
28 1354 276 885 117449
1593 1612 86 333 55986
1954 870 626 746 1159
19 327 141 641 96649
2118 159 82 601 45257
1929 1316 805 645 108547
1486 1625 262 135 24560
1588 2080 814 174 156675
1313 1328 274 624 125884
1311 1444 637 512 177153
2047 2030 984 256 81596
279 1785 982 578 199852
457 64 751 569 78008
870 1957 932 297 155232
1846 2011 35 282 57812
839 1345 657 944 9031
669 1391 847 265 111688
1824 1296 227 876 114185
2167 2133 455 175 67491
643 1598 95 827 188212
1696 873 507 661 117858
1294 1100 44 277 144653
1310 698 564 350 140988
1187 2174 602 372 199212
839 2140 67 283 127488
143 1878 705 507 124865
313 4 665 171 152930
637 1817 695 442 162117
1961 2153 455 501 52993
1909 889 61 474 179830
184 1513 548 272 193953
1621 15 75 238 34778
1435 2151 723 765 196079
1096 1955 349 213 74140
1787 326 228 533 1102
1158 1842 916 740 22269
2082 1924 149 636 58182
482 409 247 861 60364
439 96 814 870 154799
474 318 531 366 20721
2070 154 439 525 126610
1390 1883 175 811 2881
350 293 129 684 56051
1200 766 979 917 151138
1738 1708 579 537 4676
1242 163 129 915 43249
2133 385 510 743 152035
1274 485 96 708 39945
472 1810 894 524 83589
271 924 641 561 172012
392 1499 188 20 108350
281 1462 777 530 178303
33 1615 758 820 58114
1577 447 707 274 80395
2091 947 271 433 82917
1563 1504 417 527 47347
1741 719 539 43 26069
2057 1524 206 561 133753
282 1546 518 997 149222
1132 126 600 728 112517
1024 171 4 493 18347
170 8 536 670 144860
78 1611 54 347 36407
2147 956 869 52 123730
1288 735 284 862 73567
486 947 275 955 178610
162 932 25 262 192198
603 2032 254 63 123386
2074 1693 40 681 98265
71 1180 33 753 34349
1818 1642 904 786 60320
1956 2072 179 918 120451
1278 1680 742 277 116711
2137 1232 895 475 148327
1333 1549 782 199 189589
581 822 976 330 185763
1348 1749 687 468 116018
2074 1576 694 78 113911
1090 1356 785 802 67526
2021 1891 366 300 144617
1665 433 784 806 35467
1449 187 470 364 56007
983 312 332 353 24371
1258 1779 57 969 22108
202 1459 861 681 49566
951 702 602 321 93104
70 1586 992 289 46835
1572 491 255 979 161131
1953 314 19 324 114768
1900 1134 703 561 186998
1608 1715 396 974 114115
2128 1677 998 433 46698
1052 903 545 840 84536
280 812 791 364 142436
2091 1717 994 811 15457
476 1864 825 474 183728
2032 1682 208 547 103540
937 675 660 987 55886
1436 1040 832 773 59564
461 805 369 897 116644
1387 940 752 244 133039
1833 120 546 761 104016
1593 2193 92 733 114781
189 1022 362 227 55320
1180 1464 589 896 134354
586 109 606 830 104594
1316 1169 213 355 181899
803 1188 149 371 176285
1431 764 649 964 118695
339 1906 533 811 18024
986 1344 392 740 72349
1138 1878 460 885 92102
60 1001 556 959 194429
1594 762 333 279 33944
693 2062 427 140 158249
1699 480 443 923 164733
1018 461 753 968 11587
780 1306 791 82 116031
1043 1942 102 272 192344
300 1066 545 844 45416
550 490 782 351 138359
786 1050 525 871 135062
1906 1042 810 445 6186
539 425 507 322 190068
1612 965 789 556 28650
1904 1857 653 872 72055
1152 1174 326 312 54295
878 1450 674 492 99576
54 2150 796 992 141516
1678 1732 606 746 145221
129 1710 867 731 41772
1161 2187 59 969 135676
481 2073 585 977 150386
112 1455 547 640 190388
1262 1894 87 930 35898
1246 1208 706 267 144371
329 1548 431 101 51017
2036 15 336 264 101618
230 1345 922 416 20609
1347 80 120 935 101329
829 349 279 479 67567
454 1525 144 377 134239
345 1506 160 314 113493
1924 1150 166 895 123527
1463 2077 693 472 116112
1186 1571 306 716 197173
1845 1297 776 212 125007
886 2018 595 877 144653
1797 575 489 290 154654
966 1767 814 693 25392
958 756 380 22 80091
1136 1409 477 661 79104
1010 706 519 418 62126
654 856 934 907 108089
1037 1456 699 691 114461
1350 257 902 694 163266
80 1405 627 523 152810
1742 459 320 646 174388
665 1057 827 991 63626
97 245 504 587 114883
769 1176 19 630 102561
612 1733 979 878 117228
730 1710 833 940 131584
964 882 481 952 51492
812 570 513 790 99890
1117 1240 579 952 182759
615 1874 456 528 152555
974 540 370 802 195741
1921 684 576 657 60680
665 21 174 709 72410
2091 1073 16 781 92344
657 1098 803 968 34656
435 2136 464 790 62277
1933 1916 870 475 195957
527 1548 205 360 56154
330 977 287 140 196779
553 1232 165 649 117512
128 1858 179 184 42664
419 1819 561 96 80467
1283 2181 8 240 157277
99 320 280 653 23556
1914 935 876 893 141857
496 1198 199 9 28260
777 737 74 793 29409
1188 1612 708 407 43493
407 1691 931 36 198242
1602 936 189 159 123851
83 425 870 693 77925
353 2189 550 765 56068
267 542 336 676 182440
1714 1617 376 359 110948
809 1966 803 603 57067
951 5 716 554 34339
880 790 83 157 82341
11 1510 427 631 624
1175 650 279 967 195970
1658 281 840 606 74248
624 1567 922 692 180959
162 1195 949 453 152128
844 533 491 538 170339
774 101 733 399 29153
381 326 245 903 150983
2062 1961 519 510 185726
1318 1135 179 229 156839
161 1191 796 889 152574
75 1286 624 567 100130
1173 1341 92 126 107725
1658 659 962 442 139370
15 456 567 693 166523
1243 964 193 882 147054
1585 1443 885 159 144537
2133 2186 953 815 83971
2195 588 267 320 150647
491 931 925 814 117326
289 1781 827 164 155981
900 359 793 306 66791
136 491 402 873 81437
874 1359 374 645 108789
1094 1992 264 741 182515
334 1585 999 460 161395
1672 101 266 654 72132
2159 306 565 750 127177
1371 439 312 760 64456
259 1234 79 648 144871
1798 1894 836 465 134671
2087 1599 59 683 60373
1324 1555 361 856 54513
731 2016 918 308 126620
785 1679 391 641 1357
222 1052 500 245 147825
56 843 308 279 144947
2183 767 250 508 81907
719 1632 440 184 109957
1271 915 975 291 58608
1727 1276 469 236 12607
998 610 856 824 83322
574 232 712 121 137051
560 56 764 619 147279
481 890 474 190 198348
1589 2061 152 397 141
1317 676 513 724 58980
1650 1122 898 772 24475
1331 1098 420 383 35331
443 495 66 674 100028
1593 907 97 493 134709
583 1082 680 677 91959
2063 1994 870 444 167956
1621 1246 370 649 112592
443 380 715 174 177668
1840 369 595 469 107162
1781 414 107 290 1502
1199 2025 502 910 174390
1022 726 170 730 57648
518 1304 553 463 118768
1138 106 832 158 95885
1201 1599 420 115 146401
1196 2048 338 850 33034
741 2049 712 883 141516
1770 705 388 371 38438
1760 689 704 728 193292
2045 218 376 82 71362
794 35 151 947 47327
2147 495 145 781 72199
1290 1675 158 406 18947
11 2128 499 801 124816
404 1161 841 496 178741
1445 2093 775 808 186411
587 954 654 467 56811
962 214 348 513 112949
47 355 513 746 135623
1981 1557 558 597 23642
741 201 649 234 189671
312 1080 840 275 183342
918 1814 881 281 58546
400 795 108 502 91096
1396 1501 47 419 144864
777 1952 502 371 140804
1314 265 99 385 26655
305 1849 524 999 51131
323 1669 750 870 147938
220 1022 276 268 116345
2006 1864 835 670 124577
424 799 771 780 70387
1289 2094 879 897 114636
487 1802 553 219 161128
1652 2094 116 943 198023
1173 163 383 471 107539
1967 1077 947 745 87447
82 2121 854 21 143698
21 1063 160 457 3700
2180 1097 116 60 147714
467 665 8 642 58362
1079 1616 887 18 178123
1706 337 634 953 173516
663 187 960 513 168708
762 535 144 262 190223
1383 1794 607 449 142041
709 69 711 872 44672
32 151 721 155 157479
918 461 966 234 66258
893 1449 563 601 89905
865 1715 777 441 199898
1442 1376 626 84 34324
1731 2193 817 955 144695
1558 1187 142 238 93168
89 356 543 500 21155
1273 145 346 378 93592
155 995 36 53 74213
1942 2048 884 666 30213
839 349 904 886 119829
847 1244 234 167 198891
585 457 909 540 155543
286 213 743 678 139654
952 986 591 565 6339
127 1307 926 940 3039
723 1131 369 753 108875
1780 1000 567 23 177014
1000 809 949 143 40976
1837 429 908 891 78315
610 595 512 101 199094
1637 29 121 77 95772
1498 1752 105 925 23253
222 1505 81 988 20857
177 1389 732 105 194490
391 1943 586 458 124962
1022 1269 970 668 107182
246 505 134 818 55151
1673 1116 794 878 8487
792 1300 841 802 40499
2180 1979 36 422 28430
514 1014 672 828 198379
1518 1602 70 852 108893
16 1898 717 367 12128
462 840 518 749 145585
1579 294 848 231 27371
964 2163 586 994 117427
15 460 689 195 156152
1376 1313 365 70 135091
914 86 5 642 166615
2132 456 358 270 155646
116 49 232 239 23404
452 203 149 31 110396
734 446 41 486 37362
1651 1814 84 494 72906
423 808 2 239 23722
1528 1123 193 726 74611
1369 2194 186 373 8195
2027 25 8 175 162989
2091 709 347 853 117854
1448 256 750 506 117362
598 1530 721 521 6111
2065 1 327 76 192996
1390 445 770 385 168273
1459 1164 340 801 149747
955 1092 497 962 162201
1101 1562 68 263 76753
255 413 286 318 141550
623 1384 212 620 20887
966 1610 547 840 70610
1380 251 452 480 137063
1155 787 549 957 3744
41 2058 473 346 105111
732 402 520 82 141886
1173 1306 678 412 44656
1869 1179 171 479 72488
1987 211 691 450 96822
1675 806 515 371 129279
1580 165 311 644 106725
1598 528 962 436 48865
738 961 374 746 60020
98 1815 446 186 90705
276 1125 728 50 114010
901 125 49 332 199934
1601 1265 861 526 129014
877 724 160 895 122389
751 433 379 372 48474
448 1470 609 553 169347
945 1181 831 155 58534
462 809 893 548 14509
310 1749 875 276 1758
771 1753 848 360 90951
64 912 436 938 40833
365 2138 43 912 139506
267 1609 565 2 187824
1807 416 517 868 189126
619 130 406 130 41218
1446 1101 462 397 29360
2160 1213 151 394 49526
362 159 223 820 24641
1484 288 290 860 132632
1749 1220 440 675 191258
1375 295 825 994 3571
2177 1040 189 689 173926
940 650 644 266 59403
1906 1428 401 900 180955
1578 1984 797 162 89689
2131 1512 387 589 33017
1609 2117 63 380 68082
59 710 399 186 107855
844 678 545 799 144649
445 2058 958 600 27125
526 730 293 215 116894
1691 146 488 60 92005
992 1670 602 827 97205
620 486 624 475 43312
264 271 23 713 38903
600 711 663 277 80081
791 356 723 285 138794
1239 729 389 796 179622
1910 140 367 667 58611
766 1287 114 230 71806
1430 2094 360 685 193985
1408 885 115 441 170071
734 432 118 880 72271
1794 671 467 616 148447
988 478 97 152 44008
375 118 948 533 195736
1250 964 649 188 18243
2003 1596 638 26 112487
954 1712 345 225 88822
1140 1771 540 739 26016
1484 280 432 844 144970
68 1971 105 804 58502
1850 2007 195 45 128069
1670 1600 26 909 134743
781 663 440 556 195491
1036 1696 588 852 72364
704 88 532 226 135868
1052 1894 451 154 79104
609 756 2 630 116458
253 500 962 748 162354
133 882 38 224 156177
1970 1060 264 334 183886
2074 990 816 694 110953
1285 146 852 941 89111
914 1150 780 372 180809
163 1577 125 517 83833
1147 50 826 324 90607
1797 2094 980 884 57886
1103 558 405 456 71570
1787 93 235 850 129751
1356 964 488 117 61737
1918 1480 149 703 24217
1294 1802 526 654 113752
1978 1251 535 817 32173
105 120 128 76 126894
251 863 665 754 16421
1856 1710 827 394 129429
69 1464 319 486 145107
1809 980 834 361 38521
1599 1291 108 924 90486
1421 1630 506 267 43780
1708 2118 673 682 321
586 690 436 767 195735
763 636 874 22 111700
1771 631 344 892 85054
1889 844 568 727 99988
1848 900 720 229 151998
456 2089 171 177 38638
1063 715 634 399 178214
1850 1914 688 703 48022
496 1074 319 951 119672
1616 1792 271 4 99963
1331 453 34 882 91371
691 1538 268 82 14875
1799 345 496 613 165135
1770 863 966 144 142162
51 241 344 523 46393
1712 1291 248 675 186536
1159 2158 440 530 131053
1639 1822 56 314 159531
2199 2113 326 286 97153
1202 208 553 164 190942
108 567 890 653 198594
338 1165 392 826 69134
1582 1385 867 787 103951
943 1826 540 274 45841
1497 1625 64 51 80606
1132 53 569 226 38472
225 1487 140 619 52937
1379 909 735 313 138506
1898 247 834 201 69072
940 697 923 781 79412
153 479 82 911 70701
1965 1443 422 237 96135
256 263 234 993 97909
849 573 838 907 90144
831 758 359 656 71886
72 196 729 837 193008
1332 590 53 633 168760
1642 950 987 329 82896
918 1586 379 579 19602
37 1829 536 333 131904
743 716 572 981 146694
1806 605 242 414 121520
1850 98 331 10 1384
637 1253 534 686 63081
1021 2156 936 23 169920
852 412 897 556 133565
1253 1051 632 500 12814
1138 106 672 259 134390
1032 1109 519 369 173371
102 1558 844 136 77724
611 1309 284 531 161201
1489 1383 92 406 83497
194 1259 359 560 37743
2128 299 558 470 113617
890 1254 823 661 66419
1690 115 203 15 178982
1978 26 509 731 116112
1197 1820 626 246 172045
1889 1592 553 584 154838
597 464 134 815 81204
914 1305 118 533 126589
1764 1223 190 98 176833
1837 877 8 501 196168
1678 498 144 75 172581
607 1564 148 45 163137
2042 195 762 246 47813
899 1960 245 888 24219
1337 205 103 170 19068
1459 359 61 427 105732
1341 2057 532 674 173959
2056 1033 279 945 57448
1149 987 585 114 122226
1588 213 654 559 15297
1542 896 418 610 178011
314 1621 1 847 55978
1639 1940 966 350 10458
1543 1958 455 143 52199
1830 1892 206 56 117794
2179 2196 955 28 1972
226 1722 885 637 23203
22 1903 302 600 149106
1107 1591 693 918 14594
360 261 404 760 187204
259 1190 999 454 140849
2055 385 214 379 65747
1503 1957 346 906 68136
