706
1898 303 545 82 179706
911 1289 156 976 98854
1338 711 188 180 172899
544 117 762 549 72524
839 522 368 494 26040
2022 1045 158 771 42756
663 1822 856 121 38261
1807 384 360 13 29745
1853 2151 684 152 9071
811 1649 950 488 139553
515 279 773 355 37472
992 1130 53 949 94218
1176 1764 837 990 17475
283 749 162 428 28221
1934 681 186 357 71665
349 1569 809 902 91587
1337 2170 277 361 183088
2061 753 854 432 93559
1413 960 150 440 15570
607 476 904 629 162299
13 2115 272 479 48938
2076 2180 435 63 94593
1202 552 313 842 43357
834 456 488 546 170218
873 559 951 643 77000
951 1003 384 802 50427
684 1616 447 622 11299
1771 850 513 165 180627
662 1119 762 419 74465
930 1206 952 348 48818
58 821 417 658 44463
1966 9 964 194 15820
1356 1830 852 855 125932
379 2178 943 6 128654
1367 221 840 984 83215
377 714 462 147 104598
2150 405 463 365 60236
805 932 678 825 99625
1389 133 588 873 106908
112 1052 610 766 19366
262 885 269 877 121031
1424 1806 353 174 141735
2197 1277 442 785 39158
2173 390 967 598 181926
1204 1139 412 512 164700
1888 824 390 7 104016
1427 621 898 10 167675
1896 1786 761 31 126104
1609 1381 366 967 140190
232 1940 891 911 142157
524 715 28 825 80430
395 1865 824 211 66004
395 590 201 422 138845
495 1319 102 199 147139
1452 1560 327 442 48683
650 1827 338 207 56620
711 483 860 293 157205
1433 1888 700 590 59678
302 2185 759 348 24890
243 1443 995 935 181830
1533 187 982 616 131355
35 2018 577 7 87761
851 70 163 656 17261
873 242 832 151 157004
104 1454 354 946 165169
1728 2142 677 111 42149
1296 44 12 204 19864
798 191 950 959 127031
1008 1010 419 221 128820
1335 95 846 339 100661
2093 795 342 662 112852
1158 1742 53 60 57436
1313 156 112 329 10097
1862 1128 839 493 66703
53 2053 675 825 159250
69 1161 852 682 110722
720 175 189 125 65248
942 483 95 378 5131
2185 643 172 634 142652
116 248 941 172 90052
1492 825 3 494 163747
374 2115 197 496 131516
1768 416 541 968 37372
561 1262 992 44 118577
2072 429 216 676 73835
8 1993 965 60 176664
358 1704 798 705 69142
297 1879 327 13 59313
1510 1982 350 234 74095
2189 547 192 566 175965
1957 390 619 793 151773
541 1153 213 6 158764
881 116 373 575 115870
68 673 86 982 169204
1131 844 79 978 100820
923 1367 885 488 62578
170 2045 238 544 72828
447 237 243 211 2391
1157 1644 219 827 129911
1884 47 829 488 39292
1531 371 350 551 128026
1057 1074 562 35 8317
755 406 702 383 197008
1998 1430 393 342 158939
335 1051 478 446 98389
1608 283 571 253 129325
307 1584 887 533 114295
1645 1742 377 314 45962
2076 1269 252 236 120183
437 835 529 177 44434
1779 1264 862 568 180180
610 777 782 687 109945
1669 1994 79 164 46118
205 1161 827 319 2421
1999 996 432 334 139697
1101 572 101 88 65619
1548 267 188 680 189165
227 1890 378 325 104717
1499 1994 710 617 86924
1956 174 294 777 166223
250 1928 615 99 122842
226 201 841 246 182539
40 546 427 157 176460
1048 1136 861 365 49469
847 1016 185 772 145407
869 1928 257 692 64160
254 1743 842 648 140538
1905 874 872 44 129595
36 636 193 249 106971
198 497 615 219 27081
2095 667 191 54 123831
2017 124 216 529 33319
328 1535 983 466 58959
2002 1771 367 749 121257
730 1338 787 101 189403
148 1651 70 30 153036
1451 677 731 835 65489
880 404 733 999 64255
1672 1880 98 783 37068
851 737 687 308 69422
1789 390 243 193 33225
1964 693 875 400 191094
717 452 239 6 43552
2084 1687 38 891 45443
776 1915 499 596 69318
569 447 307 191 97436
1075 1780 525 700 84450
293 1864 817 140 18019
94 409 15 447 198869
460 83 326 903 36054
2045 631 27 115 105042
541 1284 75 329 116026
933 805 857 135 94056
981 2029 321 600 149274
1691 2047 646 312 41330
1297 1572 675 752 12729
455 1997 664 449 133106
85 1190 320 511 39549
1024 1996 332 32 136477
534 814 566 608 191513
1186 851 363 516 8765
611 365 317 492 99135
562 1348 997 620 109866
931 505 968 80 38340
12 1856 89 489 164165
849 375 784 714 149055
1173 1500 768 739 52835
151 150 643 38 8333
1403 1 173 869 102543
292 552 184 584 98279
447 1596 437 764 90241
682 765 679 737 191613
1197 262 153 584 198579
1099 1887 526 33 188304
1299 1236 257 194 127727
1900 38 23 531 157010
594 1531 247 787 4619
257 269 558 670 55213
1092 1219 355 824 69621
1774 523 556 430 123843
1921 1281 627 448 23944
402 900 584 564 76066
641 358 898 412 17067
714 2069 491 527 52367
1926 1972 596 899 188262
2170 1273 456 165 25471
380 286 686 324 85537
1365 478 442 583 142738
122 1024 436 741 151553
851 256 935 818 156258
701 1096 995 716 161059
407 2086 203 479 152021
1077 659 535 366 63089
327 883 818 865 99766
1760 940 281 113 12842
1031 1316 87 241 91689
2177 342 410 36 50183
131 1444 875 904 35448
1051 1333 99 92 98086
1221 219 437 739 71335
953 100 765 348 60977
410 331 572 300 26682
169 1429 665 304 39266
877 2035 91 125 188709
1384 329 221 670 156824
2124 1044 735 611 157793
1630 564 464 559 84035
201 1969 821 483 196795
167 204 908 634 74450
716 1663 140 177 36096
2187 1914 136 12 43269
1491 1488 251 636 114132
268 1666 425 903 2015
1832 256 891 627 19594
2168 2195 981 218 185495
556 1286 216 852 119644
1336 591 755 406 91682
1218 2049 885 303 17395
646 171 426 14 16751
528 46 473 474 15835
926 1442 813 574 65820
801 2130 534 797 178851
1019 334 692 101 173925
1233 1872 575 428 157941
778 1275 441 281 56746
124 809 283 359 98287
1912 1686 12 933 194878
1643 686 236 894 95342
1828 1714 415 505 75522
1214 2138 967 507 194687
1462 837 318 360 21394
1787 1485 244 474 173479
114 1338 871 992 49682
894 1235 282 388 179310
1746 1968 474 68 12596
1763 1234 141 403 12
1331 1017 378 77 86178
1048 864 90 327 84615
2011 1041 786 246 42381
652 692 33 914 67821
1903 60 880 51 93001
1275 1015 818 488 192514
255 1171 601 185 149187
1765 1233 360 532 132865
1708 1496 342 689 92154
1940 2093 208 761 20634
619 1617 268 21 110020
701 296 336 415 84035
405 223 608 393 168508
1709 1710 843 326 101994
1906 586 27 860 17939
1633 752 266 619 8673
281 2039 660 253 62483
903 1754 570 491 58156
1645 1296 89 353 28345
305 414 492 299 34400
1795 1958 570 886 110479
2058 1719 138 531 175723
1989 164 18 824 86129
1989 879 770 298 128524
446 743 848 791 117467
2108 497 748 660 171662
1354 255 141 985 135458
1229 1396 727 752 76012
1103 493 269 632 44844
614 1974 72 738 69900
1071 1985 328 490 95567
1415 2150 411 429 180777
1326 735 273 984 161018
1512 965 469 524 79469
548 427 12 392 153562
583 406 345 84 130138
1410 1107 949 129 87882
2010 544 325 988 137699
1862 2066 202 481 97260
733 2193 517 354 77568
37 703 295 952 8897
461 735 571 399 177902
799 161 90 833 60678
979 443 383 679 54986
2111 1741 974 923 172249
804 1609 163 372 153967
2037 1409 361 86 129066
762 499 98 616 4849
1020 567 400 451 5411
1053 1830 461 839 100795
779 1102 777 780 161955
1929 584 308 249 91586
950 86 524 816 140070
983 2130 498 632 193223
2073 205 856 84 53065
1617 337 128 965 199638
500 2144 276 55 164982
359 1784 585 346 168213
673 648 616 943 37023
347 927 359 122 62147
1645 1147 231 63 28116
1372 1632 197 963 107520
400 663 118 982 26693
922 1494 440 535 113454
240 8 704 415 135240
1656 963 437 3 103431
1142 1001 416 259 176585
1768 783 546 689 130000
1398 1041 376 243 12609
79 1165 452 886 134470
462 878 693 502 80213
917 1758 714 348 72008
446 890 101 31 81067
1235 1351 240 835 147685
2183 1185 629 193 45634
810 1824 862 480 18546
1199 542 596 212 179140
586 881 829 194 72306
1772 1592 23 439 90671
2125 1026 462 810 176575
2167 993 938 153 93847
1228 1763 995 375 184915
577 926 938 270 34089
1285 256 2 992 160419
200 1516 156 623 131995
1970 1948 910 945 35782
796 65 618 796 166304
394 1824 351 509 106134
529 1439 909 219 64077
1167 256 600 138 121717
719 938 714 714 49317
473 1285 382 607 78462
1725 1556 352 381 70199
570 1975 837 304 171328
1280 1833 4 757 162476
1137 525 263 454 139261
1061 1325 240 178 95354
1068 1003 963 882 156677
1259 1559 340 611 76519
1071 1381 85 199 95316
1505 2079 989 981 121870
1075 318 524 136 166466
1481 1149 880 435 170049
841 655 90 318 94883
198 2130 341 717 114049
790 340 140 58 99122
559 963 896 429 185371
712 1904 792 178 196614
1690 60 47 891 26142
422 533 203 257 166903
793 1256 525 394 104933
26 1584 194 748 191466
2006 507 89 329 96757
253 1842 572 619 109393
1138 661 353 680 92832
280 454 663 135 192886
241 1528 874 375 197471
1397 1601 102 463 162011
1005 21 750 963 133761
1650 1368 940 596 11144
1517 1934 166 901 81401
1354 533 268 992 75220
2035 586 161 707 2748
1023 2104 519 634 171514
1368 1839 154 730 23940
1442 1132 528 539 8123
415 2008 509 816 24662
1580 723 267 752 53643
1711 1788 47 660 67053
1766 1283 917 81 162751
622 601 483 914 89108
463 156 847 738 13416
1096 953 321 311 35455
365 91 244 960 121244
2112 471 883 565 87584
31 1132 565 734 180518
187 1156 270 896 194966
1202 511 249 218 53578
826 1466 177 881 77754
275 1798 158 320 58669
65 1384 101 849 15030
2065 1880 214 784 73233
350 171 819 469 199922
1392 471 841 770 125330
1931 196 430 685 71707
85 2161 433 906 170628
1787 371 372 169 94969
1670 634 570 656 182204
218 2006 275 692 92142
1161 1084 654 644 16898
539 1775 261 447 177203
233 732 590 613 54374
959 1200 921 128 125761
1885 1198 206 689 122708
1478 59 151 772 165013
2040 1686 730 539 9387
1441 78 77 596 116305
366 581 195 292 65409
751 851 931 112 183947
1269 2149 638 577 79130
336 1407 980 701 182449
1800 1094 585 987 129066
596 2181 329 453 183863
1893 172 664 54 99911
1058 6 870 405 85468
1599 1626 555 881 190820
10 1770 271 260 162763
495 1812 552 161 148317
502 309 762 118 36285
966 1211 465 877 49134
351 887 445 619 16871
742 818 900 914 85071
27 1124 336 390 43470
293 1285 998 411 64901
1253 513 431 90 167659
1421 656 286 908 74194
1660 2059 30 883 130973
418 825 891 842 1048
100 1269 211 770 76616
2152 16 979 853 44048
398 58 748 57 158644
676 1230 90 622 25157
1043 1482 166 768 164149
131 939 381 580 5143
235 280 3 3 126202
1413 1507 513 813 166219
350 1211 620 194 71171
272 2022 245 429 166450
941 2024 992 42 28527
645 1974 506 189 17531
1264 1376 579 466 118738
541 2031 396 312 117886
199 1062 57 571 179607
979 995 976 382 108679
1724 2123 317 804 81200
2144 1449 390 76 165243
2101 292 159 840 165966
145 981 246 432 60742
1539 231 754 98 120108
917 278 60 549 12949
1725 625 629 477 87335
1404 1422 450 600 153831
1373 1101 541 892 6142
1653 1237 221 396 132475
121 1735 985 181 103405
711 1899 248 461 73663
875 138 568 410 165073
655 1767 367 238 119590
1440 811 703 534 68420
1514 1788 936 789 171493
314 62 43 471 163471
656 783 796 472 188094
1694 947 310 768 192886
1254 1575 413 396 147077
1796 1788 323 216 118576
1680 930 671 773 45863
1599 1039 311 270 99533
2129 1878 902 23 113294
1242 318 838 328 128802
112 1983 179 541 108365
1778 889 905 354 74968
1643 1186 759 506 106788
59 505 927 345 192951
2014 1074 649 260 199357
1460 902 30 62 151719
1709 526 419 274 103165
1697 2052 759 665 42108
965 860 166 153 168745
257 365 662 808 149823
2150 822 682 107 91936
537 919 781 657 127384
966 366 193 932 110659
1478 2029 646 186 95245
4 752 57 102 122306
2024 959 767 647 53022
1036 349 856 972 72541
1223 62 271 959 90928
2061 1677 361 721 167189
182 999 338 980 42990
1188 984 86 646 72242
699 1222 469 674 40397
364 1110 35 705 65218
1627 280 591 355 148649
1920 16 137 109 131021
582 1644 824 725 169289
1779 1865 712 221 44808
1047 2120 546 644 50534
1556 2161 218 926 193257
2044 753 60 293 71851
594 413 674 815 25477
766 1950 275 607 113518
1742 1186 807 503 147692
1004 102 98 291 121680
626 599 925 835 114259
1030 1879 124 681 56631
1691 1227 643 520 164689
764 1639 446 234 13545
572 1777 432 864 87033
592 1821 264 872 139534
632 1699 286 244 136263
1340 1474 107 171 168118
2042 1615 87 932 11934
1377 1848 882 474 71926
773 46 511 406 119811
243 1398 823 129 173132
1196 1962 358 11 150274
1760 1951 75 678 159432
1739 1073 557 473 126642
1729 3 877 656 14205
1639 29 787 251 78876
387 1446 976 871 142737
912 2067 630 186 16738
848 699 129 880 105533
208 171 596 602 32402
759 1332 988 516 186351
781 108 559 457 100369
1908 996 67 597 45405
981 1110 696 471 78686
316 119 151 849 56795
325 1210 412 679 128922
2071 2191 507 222 97744
684 1955 612 453 17815
1926 1313 911 132 151808
875 1265 689 561 49421
317 1029 79 265 173608
1560 1390 221 34 45889
1701 305 480 398 158212
1272 282 288 239 61635
1600 1766 450 408 21601
312 1636 549 285 144667
1956 1355 20 965 132131
1010 77 463 451 102562
183 1704 502 996 83721
401 20 659 188 20337
1425 1188 549 226 625
1627 691 728 95 138537
1838 451 768 569 107483
1103 2131 582 417 16845
2061 1001 549 382 20687
741 1535 475 878 7321
1980 1703 82 606 120616
317 985 480 406 38525
253 1644 766 737 15932
1100 192 10 898 44897
280 311 645 519 186563
2064 460 291 785 119580
7 1765 723 23 15794
428 740 946 753 137109
1741 1559 96 873 192143
709 726 176 806 68040
2002 1638 509 965 193439
884 1981 918 664 115922
813 1671 447 359 37036
559 1788 693 220 127987
1486 162 387 429 135052
900 290 496 541 106665
1993 1543 261 632 24487
548 116 732 270 148042
1113 1435 195 349 115156
1603 1108 681 942 2783
1228 1828 9 881 145195
2134 181 274 600 29699
996 393 426 35 102570
831 583 6 225 78494
1827 1138 887 383 133841
1036 738 280 171 10348
581 400 233 576 14509
2118 510 462 218 28614
41 566 153 811 68256
1434 242 219 528 171536
342 1107 842 736 70758
1197 1972 944 345 106180
2061 478 654 970 191296
1529 640 58 495 162517
779 1736 899 235 121176
1529 1821 502 218 15541
2113 1312 848 871 197609
252 620 566 984 45621
1117 1245 767 565 172644
2051 94 941 168 58608
618 299 87 195 144030
729 724 742 823 101708
1562 136 807 524 136207
855 2128 312 28 143379
545 2097 862 942 46758
125 1545 465 133 70308
650 1152 699 632 23964
3 961 384 464 35575
870 2026 550 877 114320
879 332 313 859 82878
591 1756 450 301 45610
2025 1226 312 485 137747
1812 1687 719 529 104816
1515 1132 396 90 85281
1865 1560 989 338 91775
925 2017 28 204 13922
635 947 48 197 49537
1987 1974 860 735 136226
938 299 828 706 152947
2067 1573 664 300 108113
61 365 655 636 158776
766 514 518 40 119825
453 1027 176 390 36617
1665 1130 465 243 178551
1411 1782 840 710 18764
1345 1729 29 410 28414
1430 2071 260 558 83347
202 2076 716 827 197574
844 81 423 61 184695
224 78 321 775 19153
2170 338 248 735 69455
296 1232 442 62 167978
1807 892 50 354 86065
677 709 536 251 39727
2195 1647 460 843 43569
1993 1667 194 498 1890
1212 269 556 19 140732
932 267 729 310 71588
382 70 376 799 108573
624 77 80 703 177085
1774 650 45 543 187128
388 88 739 479 7112
106 2043 414 390 10208
964 2123 385 704 114082
2163 838 589 737 50407
1184 1513 768 221 21066
1499 147 443 627 167618
816 167 398 128 101331
1070 587 177 630 167793
808 946 450 642 74252
38 1005 542 45 149240
430 1981 755 248 21607
1175 347 726 346 113302
945 562 842 429 157646
1444 651 482 190 4629
1359 1198 40 411 104228
631 1201 447 623 177197
892 1405 54 699 143980
2135 1075 773 390 84153
1032 1687 916 878 6135
377 874 464 959 167120
202 1318 881 182 46214
454 365 541 804 150283
1282 496 947 62 51346
952 950 540 906 29022
547 538 368 282 62027
96 260 219 416 127642
2107 170 904 321 121689
1970 928 732 205 104822
1763 487 350 709 185980
1727 1214 72 302 151852
1944 1849 84 123 151210
1378 1019 187 572 183344
315 79 1 956 5909
1214 2078 84 988 167281
2165 1351 412 345 175371
1073 824 926 925 189578
1650 1069 793 860 140728
1612 190 715 508 160564
2104 2175 731 13 133394
1147 379 167 28 154609
1093 393 90 417 128870
1035 1890 768 213 186715
393 1264 76 721 85789
134 1885 393 499 172219
934 1003 968 680 26168
1451 628 808 213 4148
667 458 675 538 34554
1396 1125 738 711 34518
86 57 778 427 29602
31 562 861 250 59664
1409 1536 216 578 98816
784 2181 394 932 101996
805 2152 842 711 44653
1080 1907 771 198 113367
1905 236 264 60 51828
1806 2043 693 622 173626
839 1032 962 655 64581
797 191 76 794 17143
1090 1351 662 895 175028
1670 1975 774 589 82369
1092 494 106 320 62962
978 127 901 556 55549
594 995 402 527 121285
647 1325 471 743 129194
222 1585 880 650 88422
836 1472 461 157 136455
2029 1450 970 544 142507
1014 1122 679 515 198249
2151 2062 989 788 94426
629 1836 131 375 174666
1689 1597 999 911 143116
1996 1499 857 451 158871
732 2033 577 839 62507
1029 405 673 431 175051
330 1182 370 157 19487
228 1338 65 847 151758
89 1736 600 357 79062
1461 1753 157 284 100299
1356 968 807 15 133190
1719 1597 628 170 80965
590 1253 410 477 194562
2132 505 152 43 12100
1765 284 642 227 51841
441 1240 276 740 95347
1504 1449 264 694 13244
603 565 336 368 99461
1889 1958 187 651 75589
151 1736 331 803 161845
1549 968 547 190 113615
